# hx, hy, hz, energy, energy_var, mag, mag_var, abs_mag, abs_mag_var, wilson, wilson_var, exact_energy
0.000000000000000000e+00 0.000000000000000000e+00 0.000000000000000000e+00 -1.799995141628567907e+01 1.953843897265002561e-04 -8.011429398148147514e-04 5.553210717333362245e-02 1.757080078125000111e-01 2.465944499390605726e-02 9.999918742575052422e-01 5.425476431130488527e-06 -1.800000000000004263e+01
1.000000000000000056e-01 0.000000000000000000e+00 1.000000000000000056e-01 -1.809325134727373552e+01 4.888756386535792918e-04 5.059226707175926846e-02 5.750815897730316567e-02 1.826696325231481621e-01 2.669954181862138273e-02 9.892333707332605641e-01 4.839574128253437517e-03 -1.809415355728435770e+01
2.000000000000000111e-01 0.000000000000000000e+00 2.000000000000000111e-01 -1.839666238973229540e+01 4.362893401838509148e-03 1.078048140914352054e-01 6.271859072833560478e-02 2.043750904224537202e-01 3.257129108443836130e-02 9.487733916388350064e-01 2.252381391240359729e-02 -1.840521904225323979e+01
2.999999999999999889e-01 0.000000000000000000e+00 2.999999999999999889e-01 -1.899872360468809163e+01 2.642652612143348012e-02 1.866545500578704053e-01 7.875579814279685953e-02 2.536395037615740700e-01 4.926272133168532741e-02 8.437211530851431718e-01 6.245955783355375962e-02 -1.902345684251428182e+01
3.099999999999999978e-01 0.000000000000000000e+00 3.099999999999999978e-01 -1.907993058961187671e+01 2.462648542402733065e-02 1.945624457465277846e-01 8.026737029476424534e-02 2.594025788483796391e-01 5.083221767644496847e-02 8.284515340119460447e-01 6.757323807483245348e-02 -1.910816544540826456e+01
3.200000000000000067e-01 0.000000000000000000e+00 3.200000000000000067e-01 -1.916753047304647950e+01 3.284123171438391164e-02 2.034405743634259411e-01 8.236922678061148195e-02 2.664424189814814659e-01 5.276573144522876679e-02 8.126668507084467974e-01 7.228611083928578041e-02 -1.919775394549363767e+01
3.300000000000000155e-01 0.000000000000000000e+00 3.300000000000000155e-01 -1.926108213182995499e+01 3.092616231477801278e-02 2.144694010416667296e-01 8.493519179614977821e-02 2.744927300347222432e-01 5.558605693740609893e-02 7.946743300706317070e-01 7.752015376849495654e-02 -1.929236808908448353e+01
3.400000000000000244e-01 0.000000000000000000e+00 3.400000000000000244e-01 -1.935938064113279466e+01 4.106473955701932937e-02 2.258685076678241532e-01 8.773461282968689212e-02 2.830164026331018490e-01 5.865291142639472710e-02 7.761817164438135075e-01 8.172113896310939651e-02 -1.939212734334500965e+01
3.499999999999999778e-01 0.000000000000000000e+00 3.499999999999999778e-01 -1.946174027967633791e+01 4.724115294570825629e-02 2.355898256655093170e-01 8.936771800958738521e-02 2.903740776909722321e-01 6.055317897180961112e-02 7.569304256417748178e-01 8.613365407336098789e-02 -1.949711942601373593e+01
4.000000000000000222e-01 0.000000000000000000e+00 4.000000000000000222e-01 -2.006297914843340280e+01 7.922496146880059209e-02 2.943336769386574181e-01 1.036405916319871751e-01 3.388839156539351638e-01 7.543059672327362408e-02 6.590308210201394346e-01 1.034915954209001954e-01 -2.010101363895822857e+01
5.000000000000000000e-01 0.000000000000000000e+00 5.000000000000000000e-01 -2.162696410399872349e+01 1.005722172287629029e-01 4.080394603587962910e-01 1.179770578564603989e-01 4.353117766203703498e-01 9.497691620197479256e-02 4.890032470882269555e-01 1.084897982898709728e-01 -2.165555722458912769e+01
5.999999999999999778e-01 0.000000000000000000e+00 5.999999999999999778e-01 -2.349612912031059864e+01 1.572631142626708112e-01 4.919528537326389173e-01 1.161648682440505204e-01 5.096720377604166963e-01 9.841689246488205534e-02 3.868488651926647037e-01 1.038470294695137131e-01 -2.352369828927716355e+01
6.999999999999999556e-01 0.000000000000000000e+00 6.999999999999999556e-01 -2.555955159254241593e+01 1.397247274315275845e-01 5.552006474247686008e-01 1.076562948381868806e-01 5.662566008391203276e-01 9.525751574519403242e-02 3.232952150513883072e-01 1.032562975452459703e-01 -2.557636995862179319e+01
8.000000000000000444e-01 0.000000000000000000e+00 8.000000000000000444e-01 -2.773622626541866865e+01 1.045142773498711763e-01 5.981427228009259522e-01 9.780886967649844721e-02 6.059127242476852748e-01 8.845335711095231312e-02 2.761415538056035679e-01 9.947000333375503878e-02 -2.774581118476426411e+01
