2.999999999999999889e-01 0.000000000000000000e+00 0.000000000000000000e+00 1.700820922851562552e-03 1.364725337675352750e-03
2.999999999999999889e-01 0.000000000000000000e+00 1.000000000000000056e-01 -4.967163085937500999e-02 1.322092461529905628e-03
2.999999999999999889e-01 0.000000000000000000e+00 2.000000000000000111e-01 -1.053131866455078447e-01 1.346274810996586895e-03
2.999999999999999889e-01 0.000000000000000000e+00 2.999999999999999889e-01 -1.793143463134766469e-01 1.656387767363293618e-03
2.999999999999999889e-01 0.000000000000000000e+00 3.099999999999999978e-01 -1.907986450195313377e-01 1.827059964662231624e-03
2.999999999999999889e-01 0.000000000000000000e+00 3.200000000000000067e-01 -2.029664611816407171e-01 1.806854820314345630e-03
2.999999999999999889e-01 0.000000000000000000e+00 3.300000000000000155e-01 -2.125942993164063599e-01 1.869040271423731562e-03
2.999999999999999889e-01 0.000000000000000000e+00 3.400000000000000244e-01 -2.326013946533204424e-01 2.000681895343735597e-03
2.999999999999999889e-01 0.000000000000000000e+00 3.499999999999999778e-01 -2.453747558593751266e-01 2.095776191229956065e-03
2.999999999999999889e-01 0.000000000000000000e+00 3.599999999999999867e-01 -2.628404235839845171e-01 2.384107631999641316e-03
2.999999999999999889e-01 0.000000000000000000e+00 3.699999999999999956e-01 -2.974732208251954502e-01 2.762639471555461239e-03
2.999999999999999889e-01 0.000000000000000000e+00 3.800000000000000044e-01 -3.543930053710939720e-01 3.467821726635834240e-03
2.999999999999999889e-01 0.000000000000000000e+00 3.900000000000000133e-01 -4.604971313476565742e-01 3.864211204534427797e-03
2.999999999999999889e-01 0.000000000000000000e+00 4.000000000000000222e-01 -5.258568572998050250e-01 3.375138562170997437e-03
2.999999999999999889e-01 0.000000000000000000e+00 4.500000000000000111e-01 -6.577571868896489038e-01 2.710383072715762467e-03
2.999999999999999889e-01 0.000000000000000000e+00 5.000000000000000000e-01 -7.211427307128911446e-01 2.698566555481098517e-03
