2.999999999999999889e-01 0.000000000000000000e+00 0.000000000000000000e+00 2.514038085937500295e-03 9.337974589712194195e-04
2.999999999999999889e-01 0.000000000000000000e+00 1.000000000000000056e-01 -4.997172037760417435e-02 1.005008985415548365e-03
2.999999999999999889e-01 0.000000000000000000e+00 2.000000000000000111e-01 -9.801574707031251998e-02 9.089675607438250709e-04
2.999999999999999889e-01 0.000000000000000000e+00 2.999999999999999889e-01 -1.583225504557292107e-01 1.150473524820096616e-03
2.999999999999999889e-01 0.000000000000000000e+00 3.099999999999999978e-01 -1.715838623046875289e-01 1.164292378004785173e-03
2.999999999999999889e-01 0.000000000000000000e+00 3.200000000000000067e-01 -1.765205891927084103e-01 1.285112621754456010e-03
2.999999999999999889e-01 0.000000000000000000e+00 3.300000000000000155e-01 -1.907415771484375910e-01 1.355009301787403345e-03
2.999999999999999889e-01 0.000000000000000000e+00 3.400000000000000244e-01 -1.843111165364583748e-01 1.324740057953345714e-03
2.999999999999999889e-01 0.000000000000000000e+00 3.499999999999999778e-01 -2.004182942708334081e-01 1.440792862319236834e-03
2.999999999999999889e-01 0.000000000000000000e+00 3.599999999999999867e-01 -2.143835449218751132e-01 1.335015476273417783e-03
2.999999999999999889e-01 0.000000000000000000e+00 3.699999999999999956e-01 -2.457629394531251343e-01 1.502316973886276379e-03
2.999999999999999889e-01 0.000000000000000000e+00 3.800000000000000044e-01 -2.258597819010417784e-01 1.478922419018095964e-03
2.999999999999999889e-01 0.000000000000000000e+00 3.900000000000000133e-01 -2.493888346354167784e-01 1.719288079111991720e-03
2.999999999999999889e-01 0.000000000000000000e+00 4.000000000000000222e-01 -3.070328776041668650e-01 2.076912182201951645e-03
2.999999999999999889e-01 0.000000000000000000e+00 4.500000000000000111e-01 -5.528405761718754308e-01 4.375910705836115466e-03
2.999999999999999889e-01 0.000000000000000000e+00 5.000000000000000000e-01 -7.270650227864587922e-01 3.274512312643369782e-03
