# hx, hy, hz, energy, energy_var, mag, mag_var, abs_mag, abs_mag_var, wilson, wilson_var, exact_energy
0.000000000000000000e+00 0.000000000000000000e+00 0.000000000000000000e+00 -1.800000001609229727e+01 3.730091869261261689e-09 -2.106843171296297846e-04 5.572811758485516492e-02 1.735460069444444697e-01 2.560994544637546638e-02 9.999999998342097296e-01 1.253570559022234266e-11 -1.800000000000004263e+01
1.000000000000000056e-01 0.000000000000000000e+00 0.000000000000000000e+00 -1.804774178609086377e+01 7.089076986235230129e-04 -1.849139178240744019e-04 5.582794412152922159e-02 1.762410481770833592e-01 2.476707125212920801e-02 9.942527839638060083e-01 2.556265021906001592e-03 -1.804781420138851544e+01
2.000000000000000111e-01 0.000000000000000000e+00 0.000000000000000000e+00 -1.821042439665979984e+01 4.606568016510407312e-04 -7.717556423611111882e-04 5.576870858240031564e-02 1.767148618344907829e-01 2.454116179598865230e-02 9.700176879975979105e-01 1.320301159420544414e-02 -1.821049563823067174e+01
3.000000000000000444e-01 0.000000000000000000e+00 0.000000000000000000e+00 -1.855569806948954081e+01 4.390089429729286999e-04 -3.806785300925925593e-04 5.564683778704604400e-02 1.772894965277777846e-01 2.421541712411636599e-02 8.993914488397437568e-01 4.063246016061399651e-02 -1.855577054356150413e+01
3.099999999999999978e-01 0.000000000000000000e+00 0.000000000000000000e+00 -1.860555395349097907e+01 4.083849864932710487e-04 5.000361689814814036e-04 5.553480976321244211e-02 1.772723162615741088e-01 2.410958568663917542e-02 8.871356054472093744e-01 4.462903371972469502e-02 -1.860569268713478763e+01
3.200000000000000067e-01 0.000000000000000000e+00 0.000000000000000000e+00 -1.865882731152159124e+01 4.587431635878642380e-04 6.917317708333333695e-04 5.540206217716751869e-02 1.775047019675926041e-01 2.389462144940641616e-02 8.715431587135810121e-01 4.930566978006961643e-02 -1.865922083958277966e+01
3.300000000000000155e-01 0.000000000000000000e+00 0.000000000000000000e+00 -1.871636488962833411e+01 5.324618977127586455e-04 2.350983796296302400e-05 5.527534586575461734e-02 1.770815248842592948e-01 2.391747996313254437e-02 8.597765004355742979e-01 5.263190799165934353e-02 -1.871656909868398344e+01
3.400000000000000244e-01 0.000000000000000000e+00 0.000000000000000000e+00 -1.877757615310265393e+01 7.075542592901642048e-04 -1.609519675925927707e-04 5.573004498566783843e-02 1.785029658564814825e-01 2.386676207164351027e-02 8.428484913223897035e-01 5.693898595256220718e-02 -1.877794027948537448e+01
3.499999999999999778e-01 0.000000000000000000e+00 0.000000000000000000e+00 -1.884338460687497374e+01 4.373837361372509927e-04 -5.493164062500002168e-04 5.574087101061650507e-02 1.782420970775463187e-01 2.397092758852921793e-02 8.312544926038524240e-01 5.974092617025926477e-02 -1.884351784883977743e+01
4.000000000000000222e-01 0.000000000000000000e+00 0.000000000000000000e+00 -1.923840629812639236e+01 2.835193542927043667e-04 4.525643807870371278e-04 5.573373414831562372e-02 1.798660843460648251e-01 2.338213066484865973e-02 7.455294885551566608e-01 7.168262639654982005e-02 -1.923858788840412259e+01
5.000000000000000000e-01 0.000000000000000000e+00 0.000000000000000000e+00 -2.034191370164686674e+01 8.476746833642036867e-05 -1.785843460648149574e-04 5.572898407020850792e-02 1.817351164641204109e-01 2.270136340634976505e-02 6.145607274623041683e-01 6.370487983505858376e-02 -2.034189058840852482e+01
6.000000000000000888e-01 0.000000000000000000e+00 0.000000000000000000e+00 -2.171663898296778683e+01 4.659756496325108947e-05 7.310655381944447745e-04 5.559154172309143521e-02 1.825923213252314825e-01 2.225212037297596285e-02 5.510317102397539468e-01 4.795386916707158886e-02 -2.171662360271276171e+01
7.000000000000000666e-01 0.000000000000000000e+00 0.000000000000000000e+00 -2.322948640924292008e+01 7.104454734576089799e-05 3.304940682870371278e-04 5.532572306212248103e-02 1.828599717881944364e-01 2.188806300607237451e-02 5.263246902526076410e-01 3.932547694744904093e-02 -2.322948321372518521e+01
8.000000000000000444e-01 0.000000000000000000e+00 0.000000000000000000e+00 -2.481985946768605444e+01 6.062161769215679698e-05 -5.741825810185180597e-05 5.561096112894096943e-02 1.834956416377314936e-01 2.194031392575455236e-02 5.139259651124326034e-01 3.453019656537642534e-02 -2.481986251840853086e+01
