# hx, hy, hz, energy, energy_var, mag, mag_var, abs_mag, abs_mag_var, wilson, wilson_var, exact_energy
0.000000000000000000e+00 0.000000000000000000e+00 0.000000000000000000e+00 -1.799984153429564415e+01 6.327641722163939927e-04 5.018446180555557242e-04 5.568814936243459551e-02 1.750705295138889062e-01 2.503871090618180542e-02 9.999769859035680941e-01 1.380460850796792698e-05 -1.800000000000004263e+01
2.000000000000000111e-01 0.000000000000000000e+00 0.000000000000000000e+00 -1.821042502010346809e+01 1.441084564422596363e-04 -5.584716796874999133e-04 5.538943149045938430e-02 1.761627197265625000e-01 2.435643955961697485e-02 9.699144188064199312e-01 1.325064088200795902e-02 -1.821049563823065043e+01
2.999999999999999889e-01 0.000000000000000000e+00 0.000000000000000000e+00 -1.855561181799297188e+01 4.013734144145837657e-04 -7.137722439236111232e-04 5.562764777985898523e-02 1.774553087022569808e-01 2.413777066406184307e-02 8.985921443869456793e-01 4.084489683164480023e-02 -1.855577054356150768e+01
3.099999999999999978e-01 0.000000000000000000e+00 0.000000000000000000e+00 -1.860557523837709226e+01 5.980886344038956106e-04 9.060329861111112533e-04 5.540154395280061372e-02 1.773993598090277679e-01 2.393183198791963215e-02 8.873867931749249705e-01 4.458833425340295864e-02 -1.860569268713482671e+01
3.300000000000000155e-01 0.000000000000000000e+00 0.000000000000000000e+00 -1.871633326316503698e+01 6.022221460880392572e-04 4.994710286458334562e-04 5.572857811115683457e-02 1.782833523220486160e-01 2.394387386727755973e-02 8.599616147572707314e-01 5.265684336045422381e-02 -1.871656909868410068e+01
3.499999999999999778e-01 0.000000000000000000e+00 0.000000000000000000e+00 -1.884337914831891325e+01 5.461100088421448314e-04 -7.843017578125000867e-04 5.520248123697571452e-02 1.775455050998264173e-01 2.368068998507051603e-02 8.304226159415165620e-01 5.981834835457444655e-02 -1.884351784883967085e+01
4.000000000000000222e-01 0.000000000000000000e+00 0.000000000000000000e+00 -1.923833795409089475e+01 2.843056007067376579e-04 2.644856770833339184e-05 5.580858702230970247e-02 1.799207899305555747e-01 2.343709707260131780e-02 7.442938769375206931e-01 7.177953316067986478e-02 -1.923858788840417944e+01
5.000000000000000000e-01 0.000000000000000000e+00 0.000000000000000000e+00 -2.034191838429087085e+01 8.401965254557434818e-05 1.424153645833333153e-04 5.556472822287938235e-02 1.815341525607638840e-01 2.261009995906073169e-02 6.139410983788984311e-01 6.348762041359770625e-02 -2.034189058840843956e+01
8.000000000000000444e-01 0.000000000000000000e+00 0.000000000000000000e+00 -2.481985786497625668e+01 1.443906976656705740e-05 1.773410373263888552e-04 5.540583726881003618e-02 1.832522922092013895e-01 2.182446611872701503e-02 5.145989319732567902e-01 3.476777717242286736e-02 -2.481986251840847046e+01
