hx hy hz energy energy_err energy_var mag mag_err mag_var abs_mag abs_mag_err abs_mag_var xcubes xcubes_err xcubes_var zcubes zcubes_err zcubes_var
0.000000000000000000e+00 0.000000000000000000e+00 0.000000000000000000e+00 -6.399999998818373115e+01 7.845035186348187753e-09 2.423652933371194774e-11 2.573331197102864403e-04 2.030433907783171224e-04 1.568401191674537176e-02 9.791421890258789062e-02 1.245198060599707422e-04 6.096883873775974308e-03 3.199999998818373115e+01 7.845035200918822041e-09 2.423652933363277104e-11 3.200000000000000000e+01 nan 0.000000000000000000e+00
0.000000000000000000e+00 0.000000000000000000e+00 1.000000000000000056e-01 -6.408001186814162509e+01 1.238199055042619328e-04 1.176676390248265758e-03 2.515188852945963310e-02 1.953948420263327125e-04 1.567457256401717444e-02 1.000293095906575475e-01 1.263058969994693625e-04 6.301327283431924428e-03 3.191916185186559574e+01 1.250051079036909249e-03 6.421626890458003167e-01 3.199987792968750000e+01 1.220106932961996168e-04 9.765475988388061523e-04
0.000000000000000000e+00 0.000000000000000000e+00 2.000000000000000111e-01 -6.432199084432940595e+01 8.626704988082042739e-05 2.972095228756952735e-03 5.074437459309895371e-02 1.993765735539596939e-04 1.571842892088979107e-02 1.062806447347005162e-01 1.351272206939210872e-04 6.997845028510913182e-03 3.167246284953774449e+01 2.552805680128391978e-03 2.577996913336513263e+00 3.200000000000000000e+01 nan 0.000000000000000000e+00
0.000000000000000000e+00 0.000000000000000000e+00 2.999999999999999889e-01 -6.473018999845201904e+01 1.617374969907746114e-04 1.047939956789764940e-02 7.755438486735025116e-02 2.091289586916642430e-04 1.601398213572085422e-02 1.178900400797525949e-01 1.419709611389735019e-04 8.130603197868267046e-03 3.124114580899889759e+01 4.025125461519994154e-03 5.913241296849709450e+00 3.200000000000000000e+01 nan 0.000000000000000000e+00
0.000000000000000000e+00 0.000000000000000000e+00 3.300000000000000155e-01 -6.488705944905959200e+01 1.469095358714486677e-04 8.534967212337429832e-03 8.516852060953775116e-02 1.944854223788805613e-04 1.611720497253877823e-02 1.218738555908203125e-01 1.474624091604165722e-04 8.517645198783913713e-03 3.108830029378615123e+01 4.107631860356294497e-03 7.197621469687831564e+00 3.200000000000000000e+01 nan 0.000000000000000000e+00
0.000000000000000000e+00 0.000000000000000000e+00 3.400000000000000244e-01 -6.494279488925806731e+01 1.492102839569491707e-04 9.623995956701917112e-03 8.866024017333984375e-02 2.057500937399102435e-04 1.622899623089324450e-02 1.239188512166341100e-01 1.546275705992687980e-04 8.733752731637246455e-03 3.101354806308620482e+01 4.482116606865880863e-03 7.692094118205571540e+00 3.200000000000000000e+01 nan 0.000000000000000000e+00
0.000000000000000000e+00 0.000000000000000000e+00 3.499999999999999778e-01 -6.500036701581535681e+01 1.625924139851076195e-04 1.082547211271445847e-02 9.152460098266601562e-02 2.037890794537867403e-04 1.626522814247740104e-02 1.255021095275878906e-01 1.513214678450019936e-04 8.891201231638962837e-03 3.095021595380363522e+01 4.571861050053566307e-03 8.172401139809545967e+00 3.200000000000000000e+01 nan 0.000000000000000000e+00
0.000000000000000000e+00 0.000000000000000000e+00 3.599999999999999867e-01 -6.505982720707950762e+01 1.788527538494788136e-04 1.216433514625174864e-02 9.407440821329751679e-02 2.080760927293525352e-04 1.630367245401329046e-02 1.269342104593912668e-01 1.537291224103099071e-04 9.041372949746396756e-03 3.089235284184514185e+01 4.797771293651241498e-03 8.667060180173217887e+00 3.200000000000000000e+01 nan 0.000000000000000000e+00
0.000000000000000000e+00 0.000000000000000000e+00 3.699999999999999956e-01 -6.512155040941854622e+01 1.866942923171997955e-04 1.375252979273493270e-02 9.673404693603515625e-02 2.042619953974214857e-04 1.641348640168871498e-02 1.286017100016275949e-01 1.555584942207712451e-04 9.232562422969041449e-03 3.083088817797322889e+01 4.832868590733493952e-03 9.215442736539985802e+00 3.200000000000000000e+01 nan 0.000000000000000000e+00
0.000000000000000000e+00 0.000000000000000000e+00 3.800000000000000044e-01 -6.518450950637794961e+01 1.983162981809180299e-04 1.550158142780437218e-02 9.978850682576496933e-02 2.152592576545143759e-04 1.643182294959741677e-02 1.303480466206868305e-01 1.636117834466878167e-04 9.398955786284406144e-03 3.075765302037535776e+01 5.234328407967418426e-03 9.734342252533043194e+00 3.200000000000000000e+01 nan 0.000000000000000000e+00
0.000000000000000000e+00 0.000000000000000000e+00 3.900000000000000133e-01 -6.525006961226287672e+01 2.087446607201604064e-04 1.753795053267274973e-02 1.027828852335611887e-01 2.104399304732603262e-04 1.651500243062602874e-02 1.321741739908854074e-01 1.613487544268510832e-04 9.609311657388590333e-03 3.068460879683319220e+01 5.255441429098305084e-03 1.030560151650297662e+01 3.200000000000000000e+01 nan 0.000000000000000000e+00
0.000000000000000000e+00 0.000000000000000000e+00 4.000000000000000222e-01 -6.531732035104184320e+01 2.219255703605681153e-04 1.969782644531034924e-02 1.060328483581542969e-01 2.117885241268184157e-04 1.663858784475754152e-02 1.343992551167805805e-01 1.602075477812003022e-04 9.818392999755409106e-03 3.060287943307309888e+01 5.423374142878504937e-03 1.092085123914641187e+01 3.200000000000000000e+01 nan 0.000000000000000000e+00
0.000000000000000000e+00 0.000000000000000000e+00 4.099999999999999756e-01 -6.538659779166732733e+01 2.374443012912294993e-04 2.226251436310589665e-02 1.094524065653482980e-01 2.134456606228618211e-04 1.665190753189765144e-02 1.365536053975422992e-01 1.644902195968511662e-04 9.984849687776254853e-03 3.051456664339259817e+01 5.619764408387991142e-03 1.148636350851857379e+01 3.200000000000000000e+01 nan 0.000000000000000000e+00
0.000000000000000000e+00 0.000000000000000000e+00 4.199999999999999845e-01 -6.545829990236316576e+01 2.437043765762183112e-04 2.502852687551125957e-02 1.120942433675130162e-01 2.149919395163237229e-04 1.668351557802654622e-02 1.381737391153971262e-01 1.650732409178844477e-04 1.015665279303195473e-02 3.044520664064441462e+01 5.795463019639780951e-03 1.207730412176745460e+01 3.200000000000000000e+01 nan 0.000000000000000000e+00
0.000000000000000000e+00 0.000000000000000000e+00 4.299999999999999933e-01 -6.553226311476845467e+01 2.617220066713896631e-04 2.818036972344856866e-02 1.156646410624186105e-01 2.229731940633315746e-04 1.688738963818852551e-02 1.408085823059082031e-01 1.712731575947930892e-04 1.043864197928693650e-02 3.034917219273069122e+01 6.141736223854850525e-03 1.281568081763191458e+01 3.200000000000000000e+01 nan 0.000000000000000000e+00
0.000000000000000000e+00 0.000000000000000000e+00 4.400000000000000022e-01 -6.560879081362944021e+01 2.891584719607881849e-04 3.174490751683578527e-02 1.191929181416829381e-01 2.157494379912299246e-04 1.687564862001838389e-02 1.429950396219889230e-01 1.731281636603592853e-04 1.063501899865413117e-02 3.025231823875965631e+01 6.076951771971319041e-03 1.341290481682490565e+01 3.200000000000000000e+01 nan 0.000000000000000000e+00
0.000000000000000000e+00 0.000000000000000000e+00 4.500000000000000111e-01 -6.568747397236413121e+01 3.128494597550419520e-04 3.591364632346259744e-02 1.225973765055338449e-01 2.245217216220663154e-04 1.714760970167440723e-02 1.455643971761067523e-01 1.730337324296078575e-04 1.098873270247066949e-02 3.015666952900476261e+01 6.461012589066647376e-03 1.425678540799793304e+01 3.200000000000000000e+01 nan 0.000000000000000000e+00
0.000000000000000000e+00 0.000000000000000000e+00 4.600000000000000200e-01 -6.576893355289185195e+01 3.241353413262234424e-04 4.083174879512191380e-02 1.262192726135253906e-01 2.188777737346513260e-04 1.724143178618457034e-02 1.480813026428222656e-01 1.750591110991453784e-04 1.124466437287689226e-02 3.005303816714966914e+01 6.450575629920773588e-03 1.498043007144871197e+01 3.200000000000000000e+01 nan 0.000000000000000000e+00
0.000000000000000000e+00 0.000000000000000000e+00 4.699999999999999734e-01 -6.585315402315823974e+01 3.424880750499104641e-04 4.775283790609016754e-02 1.305160522460937500e-01 2.318309136756077822e-04 1.762333646183833480e-02 1.514342625935872211e-01 1.904285202549646245e-04 1.172544046847987138e-02 2.992723117159574286e+01 6.992456632088119885e-03 1.599535257881820094e+01 3.200000000000000000e+01 nan 0.000000000000000000e+00
0.000000000000000000e+00 0.000000000000000000e+00 4.799999999999999822e-01 -6.594232278716015117e+01 5.342634229210368318e-04 7.685696416291351585e-02 1.359451611836751117e-01 3.155096348341479280e-04 1.865947131406957976e-02 1.556385358174641742e-01 2.837914485222514378e-04 1.291720433192090900e-02 2.976608743559764747e+01 9.703549294633804015e-03 1.768587318108748718e+01 3.200000000000000000e+01 nan 0.000000000000000000e+00
0.000000000000000000e+00 0.000000000000000000e+00 5.000000000000000000e-01 -6.817783178256399879e+01 6.430678815781579009e-03 8.265203731482411165e-01 8.258568445841470984e-01 2.176538968464716405e-03 4.858411485707216093e-02 8.262389500935871656e-01 2.135597052370341933e-03 4.795283995180297382e-02 9.750412755871289860e+00 6.386373771819761624e-02 4.822653751170868475e+01 3.200000000000000000e+01 nan 0.000000000000000000e+00
0.000000000000000000e+00 0.000000000000000000e+00 5.200000000000000178e-01 -6.931706593957949281e+01 1.429517609678996031e-03 5.446040672023988449e-01 8.601665496826171875e-01 8.256955345584790669e-04 3.339921364507365820e-02 8.601951599121093750e-01 8.251280967924488983e-04 3.334999370175258104e-02 8.690723166141976819e+00 2.718515304700634336e-02 3.704563843679503066e+01 3.200000000000000000e+01 nan 0.000000000000000000e+00
0.000000000000000000e+00 0.000000000000000000e+00 5.500000000000000444e-01 -7.099054611272251236e+01 1.347916232077537311e-03 4.709907755970515475e-01 8.787810007731119422e-01 7.517992333108268650e-04 2.902985533930606613e-02 8.787956237792968750e-01 7.516772618586360860e-04 2.900415428545480984e-02 8.057454885508970932e+00 2.618938258450126053e-02 3.588182309814457938e+01 3.200000000000000000e+01 nan 0.000000000000000000e+00
0.000000000000000000e+00 0.000000000000000000e+00 5.999999999999999778e-01 -7.384408735215373554e+01 1.326162507141832956e-03 3.625593136156278762e-01 9.025109608968098218e-01 6.960671189294862426e-04 2.342713560170118364e-02 9.025185902913410718e-01 6.956615699886604162e-04 2.341336431911460528e-02 7.187666453716241577e+00 2.637471666012779214e-02 3.428365013038732911e+01 3.200000000000000000e+01 nan 0.000000000000000000e+00
0.000000000000000000e+00 0.000000000000000000e+00 6.999999999999999556e-01 -7.972705915997789816e+01 8.565910472285878739e-04 1.631920598211849260e-01 9.306977589925129468e-01 7.111907898495480702e-04 1.664040745001531957e-02 9.306977589925129468e-01 7.111907898495480702e-04 1.664040745001531957e-02 6.031799557113314947e+00 3.166314423541443518e-02 3.333726613620632406e+01 3.200000000000000000e+01 nan 0.000000000000000000e+00
0.000000000000000000e+00 0.000000000000000000e+00 8.000000000000000444e-01 -8.574655888184784658e+01 6.744405056669948223e-04 9.335313153870564151e-02 9.481932322184244422e-01 6.618384354950421428e-04 1.254417135068150793e-02 9.481932322184244422e-01 6.618384354950421428e-04 1.254417135068150793e-02 5.199065392264508034e+00 3.382843231216351582e-02 3.286595350635570867e+01 3.200000000000000000e+01 nan 0.000000000000000000e+00
0.000000000000000000e+00 0.000000000000000000e+00 9.000000000000000222e-01 -9.185518135246573479e+01 4.561088577035824106e-04 5.217903474924900920e-02 9.585692087809244422e-01 7.332456901104168279e-04 1.004300911598774056e-02 9.585692087809244422e-01 7.332456901104168279e-04 1.004300911598774056e-02 4.641594926684498468e+00 4.222387995619610729e-02 3.334593654414180719e+01 3.200000000000000000e+01 nan 0.000000000000000000e+00
