# hx, hy, hz, energy, energy_var, mag, mag_var, abs_mag, abs_mag_var, wilson, wilson_var, exact_energy
0.000000000000000000e+00 0.000000000000000000e+00 0.000000000000000000e+00 -1.799996745576666157e+01 1.302364826035845547e-04 -3.969545717592593307e-04 5.546778867192393714e-02 1.741889105902778012e-01 2.512616967222818312e-02 9.999954756803376421e-01 2.613026331711743705e-06 -1.800000000000004263e+01
0.000000000000000000e+00 0.000000000000000000e+00 1.000000000000000056e-01 -1.804507881719734286e+01 1.497744379264324879e-03 5.088840060763889783e-02 5.718749942909544248e-02 1.838500976562499889e-01 2.597627033728630574e-02 9.948138048002563849e-01 2.321351399026252288e-03 -1.804781420138848347e+01
0.000000000000000000e+00 0.000000000000000000e+00 2.000000000000000111e-01 -1.818852013961910075e+01 2.647502278881735125e-04 1.089572482638889311e-01 6.340923047360080833e-02 2.056984230324074292e-01 3.296907118482026583e-02 9.772425612505564185e-01 1.011550104980968139e-02 -1.821049563823061135e+01
0.000000000000000000e+00 0.000000000000000000e+00 3.000000000000000444e-01 -1.845931242782900483e+01 5.485035326596373294e-03 1.932585539641204220e-01 7.977257269379700588e-02 2.572939272280092560e-01 5.092127638568767073e-02 9.353025321777654888e-01 2.721584267039068444e-02 -1.855577054356152900e+01
0.000000000000000000e+00 0.000000000000000000e+00 3.099999999999999978e-01 -1.849137081995770515e+01 7.693310455173246395e-03 1.985410337094907773e-01 7.940243955972429990e-02 2.597778320312499889e-01 5.133645961130106627e-02 9.316259319370812086e-01 2.893199169919375910e-02 -1.860569268713470947e+01
0.000000000000000000e+00 0.000000000000000000e+00 3.200000000000000067e-01 -1.854503443493745607e+01 1.013057752785564113e-02 2.231933593750000666e-01 8.854464186562435724e-02 2.806161385995370461e-01 5.961450029220764085e-02 9.183890482095612429e-01 3.352957651064217975e-02 -1.865922083958272992e+01
0.000000000000000000e+00 0.000000000000000000e+00 3.300000000000000155e-01 -1.858330314231805502e+01 1.170216199181058070e-02 2.330792462384259911e-01 8.952594093743340697e-02 2.868950737847222321e-01 6.154309260256496383e-02 9.117955180934119719e-01 3.555164957822220390e-02 -1.871656909868406160e+01
0.000000000000000000e+00 0.000000000000000000e+00 3.400000000000000244e-01 -1.863194899727129439e+01 1.650512930089672106e-02 2.494081850405093226e-01 9.521215759166642978e-02 3.017401801215277568e-01 6.636946405709526209e-02 9.016499289353028246e-01 3.926180263116062219e-02 -1.877794027948536026e+01
0.000000000000000000e+00 0.000000000000000000e+00 3.499999999999999778e-01 -1.866871144043704334e+01 1.950280081142458100e-02 2.542792426215278456e-01 9.360662880564427080e-02 3.034527813946759633e-01 6.618097149765704568e-02 8.976849053622174557e-01 4.083004552640955714e-02 -1.884351784883975967e+01
0.000000000000000000e+00 0.000000000000000000e+00 4.000000000000000222e-01 -1.898081883318126373e+01 5.970837672296193388e-02 3.479053638599537424e-01 1.163022621666862377e-01 3.823508933738425375e-01 9.114819870543741653e-02 8.377097558833935809e-01 5.801480861785460880e-02 -1.923858788840421141e+01
0.000000000000000000e+00 0.000000000000000000e+00 5.000000000000000000e-01 -2.011184551515250973e+01 2.089197984257438190e-01 6.174094871238425819e-01 1.281778627705590923e-01 6.288922345196759078e-01 1.138668949219343446e-01 6.642983260805968015e-01 7.077321519097805325e-02 -2.034189058840841824e+01
0.000000000000000000e+00 0.000000000000000000e+00 6.000000000000000888e-01 -2.171655126783214129e+01 3.034752344704322639e-04 8.072369610821759078e-01 7.748155490831258596e-02 8.096810800057869795e-01 7.352961492616125194e-02 5.526516953485753891e-01 4.954284074644640934e-02 -2.171662360271276171e+01
0.000000000000000000e+00 0.000000000000000000e+00 7.000000000000000666e-01 -2.322946308687938810e+01 8.927311189688001041e-05 8.643613462094907884e-01 5.620896862837678615e-02 8.651896158854166519e-01 5.477643401350503621e-02 5.267280758947858743e-01 4.080712744973265943e-02 -2.322948321372525982e+01
0.000000000000000000e+00 0.000000000000000000e+00 8.000000000000000444e-01 -2.481969718462902819e+01 1.012771858061968684e-03 9.002929687499999778e-01 4.190453254636915259e-02 9.005750868055554248e-01 4.139647515222369401e-02 5.134718960801156751e-01 2.689449580589015759e-02 -2.481986251840858770e+01
