# hx, hy, hz, energy, energy_var, mag, mag_var, abs_mag, abs_mag_var, wilson, wilson_var, exact_energy
-0.000000000000000000e+00 -0.000000000000000000e+00 -0.000000000000000000e+00 -1.799997524721987929e+01 1.002444930556893057e-04 -3.502739800347223873e-04 5.555795715719372141e-02 1.759185791015625000e-01 2.461073337594207877e-02 9.999965554114013111e-01 2.022654980913164074e-06 -1.800000000000004263e+01
-0.000000000000000000e+00 -0.000000000000000000e+00 -1.000000000000000056e-01 -1.804547229870570391e+01 2.840003362578196164e-06 -5.083957248263890061e-02 5.742713799999085711e-02 1.829379611545138840e-01 2.654550249883790361e-02 9.948872512125730427e-01 2.299242395954466649e-03 -1.804781420138852255e+01
-0.000000000000000000e+00 -0.000000000000000000e+00 -2.000000000000000111e-01 -1.819171520535899944e+01 2.452549369641199859e-04 -1.126654730902778151e-01 6.530113213592107779e-02 2.074564615885416963e-01 3.495645750773909016e-02 9.761220378093110606e-01 1.042901674252323663e-02 -1.821049563823053674e+01
-0.000000000000000000e+00 -0.000000000000000000e+00 -2.999999999999999889e-01 -1.849897928026608440e+01 4.784700925923843044e-03 -2.231306287977431468e-01 9.540560112127832726e-02 2.861494276258680913e-01 6.331138369834259094e-02 9.218987033437987533e-01 3.251525470429819653e-02 -1.855577054356151123e+01
-0.000000000000000000e+00 -0.000000000000000000e+00 -3.099999999999999978e-01 -1.854593583846520843e+01 6.175897025718348095e-03 -2.426235622829861771e-01 1.011223233734936389e-01 3.019022623697917296e-01 6.884354032438110005e-02 9.106507006838718832e-01 3.618928783370971985e-02 -1.860569268713468460e+01
-0.000000000000000000e+00 -0.000000000000000000e+00 -3.200000000000000067e-01 -1.859788836072464946e+01 7.418130220684085799e-03 -2.627176920572917296e-01 1.069579359332536728e-01 3.186455620659722765e-01 7.444352742882423546e-02 8.992152433417368584e-01 4.027290590454116193e-02 -1.865922083958269440e+01
-0.000000000000000000e+00 -0.000000000000000000e+00 -3.300000000000000155e-01 -1.866190273255381626e+01 8.224849795372838127e-03 -2.882290310329861938e-01 1.147753621136517188e-01 3.412299262152778123e-01 8.141347389898183351e-02 8.848423163608400976e-01 4.542229933123027169e-02 -1.871656909868401897e+01
-0.000000000000000000e+00 -0.000000000000000000e+00 -3.499999999999999778e-01 -1.879908306069336277e+01 9.533633743556937934e-03 -3.455786810980903678e-01 1.283422042961796794e-01 3.910329182942708925e-01 9.486008593594127958e-02 8.502052414556893201e-01 5.492174897293842367e-02 -1.884351784883970637e+01
-0.000000000000000000e+00 -0.000000000000000000e+00 -4.000000000000000222e-01 -1.922667788996341187e+01 5.179379912750860585e-03 -4.952440049913194864e-01 1.423075219321950635e-01 5.223456488715276791e-01 1.147291695170196690e-01 7.543035755983032997e-01 7.077995134843100000e-02 -1.923858788840417589e+01
-0.000000000000000000e+00 -0.000000000000000000e+00 -5.000000000000000000e-01 -2.034178869378110477e+01 1.214255041451180645e-04 -7.048953586154514950e-01 1.100297916127530168e-01 7.125573052300346877e-01 9.916934497366991508e-02 6.133847394850981960e-01 6.336192249937543097e-02 -2.034189058840842890e+01
-0.000000000000000000e+00 -0.000000000000000000e+00 -5.999999999999999778e-01 -2.171655909501194515e+01 1.868428252216379557e-04 -8.107608371310764950e-01 7.579912137642599856e-02 8.130028618706597321e-01 7.215860299202669914e-02 5.509304212015859736e-01 4.812697427571525216e-02 -2.171662360271276526e+01
-0.000000000000000000e+00 -0.000000000000000000e+00 -6.999999999999999556e-01 -2.322948321292572871e+01 1.162765671936971672e-09 -8.658081054687501998e-01 5.542310305399662795e-02 8.666578504774303804e-01 5.395094875522232769e-02 5.252197199883198442e-01 3.721419878687909355e-02 -2.322948321372513192e+01
-0.000000000000000000e+00 -0.000000000000000000e+00 -8.000000000000000444e-01 -2.481985169549990644e+01 3.716347198864190576e-05 -8.989403618706600652e-01 4.230766381826944061e-02 8.992591010199654233e-01 4.173450725118595800e-02 5.141968565125025759e-01 3.587112242293002962e-02 -2.481986251840856639e+01
