# hx, hy, hz, mag, mag_var, susceptibility, sus_var, energy, energy_var
0.000000000000000000e+00 0.000000000000000000e+00 0.000000000000000000e+00 9.765624999999989700e-05 2.263854337880739920e-03 9.999999904632576042e-01 4.421590503593783233e-07 -2.000000002461368354e+02 3.138682289548353179e-06
0.000000000000000000e+00 0.000000000000000000e+00 1.000000000000000056e-01 -5.263671875000000555e-02 2.316755525782458573e-03 9.972293758392341001e-01 2.438928180462354896e-04 -2.005047329316495848e+02 5.667879467684399796e-05
0.000000000000000000e+00 0.000000000000000000e+00 2.000000000000000111e-01 -1.061045837402344039e-01 2.372629590846340401e-03 9.887418173093127649e-01 5.034937502130178329e-04 -2.020843295191041591e+02 8.616993039789844037e-04
0.000000000000000000e+00 0.000000000000000000e+00 2.999999999999999889e-01 -1.823632812500001199e-01 2.613146447433888336e-03 9.667436336517333251e-01 9.530839210816446265e-04 -2.050075673808035503e+02 1.935114983299554342e-03
0.000000000000000000e+00 0.000000000000000000e+00 3.099999999999999978e-01 -1.859960937500001188e-01 2.563059673016334847e-03 9.654054531097422398e-01 9.534381744583744246e-04 -2.053925459994667904e+02 1.601403268331360328e-03
0.000000000000000000e+00 0.000000000000000000e+00 3.200000000000000067e-01 -1.961178588867188710e-01 2.560676240095000316e-03 9.615377854256844659e-01 1.004388683019043172e-03 -2.057945651204986461e+02 3.815427087212342090e-03
0.000000000000000000e+00 0.000000000000000000e+00 3.300000000000000155e-01 -2.082955551147462336e-01 2.639763292862538305e-03 9.566129617194405466e-01 1.099701920916661742e-03 -2.062736898762765918e+02 4.183973462863287314e-03
0.000000000000000000e+00 0.000000000000000000e+00 3.400000000000000244e-01 -2.189070892333985774e-01 2.667727364509874053e-03 9.520796862833609264e-01 1.167968864466289699e-03 -2.067437701952737825e+02 5.959936006792464908e-03
0.000000000000000000e+00 0.000000000000000000e+00 3.499999999999999778e-01 -2.285475540161134300e-01 2.710929954797961991e-03 9.477660155532526831e-01 1.239152820556167160e-03 -2.072349788252655003e+02 7.399556037481149103e-03
0.000000000000000000e+00 0.000000000000000000e+00 3.599999999999999867e-01 -2.374995040893556342e-01 2.870731472017170639e-03 9.435939855573107771e-01 1.363594601955564261e-03 -2.077333568193687370e+02 6.276955653335183558e-03
0.000000000000000000e+00 0.000000000000000000e+00 3.699999999999999956e-01 -2.565840911865236440e-01 2.884647609675162951e-03 9.341646041499810371e-01 1.480309370643749381e-03 -2.084290368006275003e+02 8.280499248723920125e-03
0.000000000000000000e+00 0.000000000000000000e+00 3.800000000000000044e-01 -2.628320312500002087e-01 2.961060390589461116e-03 9.309193233489989616e-01 1.556523034225100162e-03 -2.090653849756379543e+02 9.763049409429083725e-03
0.000000000000000000e+00 0.000000000000000000e+00 3.900000000000000133e-01 -2.757488632202150791e-01 2.990362166334117801e-03 9.239625644327595921e-01 1.649177935966743063e-03 -2.097758943208802407e+02 1.256528573789191493e-02
0.000000000000000000e+00 0.000000000000000000e+00 4.000000000000000222e-01 -2.967027664184572755e-01 3.094587558815376990e-03 9.119674683996362718e-01 1.836345379249315407e-03 -2.114139614412659398e+02 4.485523831074780809e-02
0.000000000000000000e+00 0.000000000000000000e+00 4.500000000000000111e-01 -3.906640625000002420e-01 3.674308903581940001e-03 8.473815902709964654e-01 2.870840886306489075e-03 -2.183887594539999668e+02 1.408504752496741730e-01
0.000000000000000000e+00 0.000000000000000000e+00 5.000000000000000000e-01 -5.461979675292971681e-01 3.906394513465075678e-03 7.016677802668656039e-01 4.267329487244474195e-03 -2.244451562460878336e+02 8.607724964688422131e-02
