2.999999999999999889e-01 0.000000000000000000e+00 0.000000000000000000e+00 1.832987467447916644e-03 1.418466027854534605e-03
2.999999999999999889e-01 0.000000000000000000e+00 1.000000000000000056e-01 -4.855204264322916796e-02 1.402100154046398341e-03
2.999999999999999889e-01 0.000000000000000000e+00 2.000000000000000111e-01 -1.058291625976562900e-01 1.524765901851483658e-03
2.999999999999999889e-01 0.000000000000000000e+00 2.999999999999999889e-01 -1.755308024088542695e-01 1.779749266631049012e-03
2.999999999999999889e-01 0.000000000000000000e+00 3.099999999999999978e-01 -1.965466308593751266e-01 1.877283129696852640e-03
2.999999999999999889e-01 0.000000000000000000e+00 3.200000000000000067e-01 -2.004745483398438499e-01 1.946633074180225895e-03
2.999999999999999889e-01 0.000000000000000000e+00 3.300000000000000155e-01 -2.141936238606771958e-01 1.957815362243127324e-03
2.999999999999999889e-01 0.000000000000000000e+00 3.400000000000000244e-01 -2.323837280273438888e-01 2.113516570115888272e-03
2.999999999999999889e-01 0.000000000000000000e+00 3.499999999999999778e-01 -2.451581827799480529e-01 2.313597704028477146e-03
2.999999999999999889e-01 0.000000000000000000e+00 3.599999999999999867e-01 -2.659259033203126288e-01 2.531573759796299297e-03
2.999999999999999889e-01 0.000000000000000000e+00 3.699999999999999956e-01 -3.040796915690105462e-01 2.904516648866382715e-03
2.999999999999999889e-01 0.000000000000000000e+00 3.800000000000000044e-01 -3.287181599934897447e-01 3.231942017513393314e-03
2.999999999999999889e-01 0.000000000000000000e+00 3.900000000000000133e-01 -4.475939941406252842e-01 3.818455180578966823e-03
2.999999999999999889e-01 0.000000000000000000e+00 4.000000000000000222e-01 -5.319840494791669983e-01 3.563482500403383421e-03
2.999999999999999889e-01 0.000000000000000000e+00 4.500000000000000111e-01 -6.492059326171879530e-01 2.981227842834559879e-03
2.999999999999999889e-01 0.000000000000000000e+00 5.000000000000000000e-01 -7.208528645833338633e-01 2.849708902551224138e-03
