0.000000000000000000e+00 0.000000000000000000e+00 0.000000000000000000e+00 -1.159667968750000000e-03 4.100860772674051920e-03
0.000000000000000000e+00 0.000000000000000000e+00 1.000000000000000056e-01 -5.375639597574869560e-02 3.999531919617000351e-03
0.000000000000000000e+00 0.000000000000000000e+00 2.000000000000000111e-01 -1.157836914062500000e-01 3.915997168326227143e-03
0.000000000000000000e+00 0.000000000000000000e+00 2.999999999999999889e-01 -1.863403320312500000e-01 4.586293459288852577e-03
0.000000000000000000e+00 0.000000000000000000e+00 3.099999999999999978e-01 -1.858180363972981586e-01 4.604204968824398073e-03
0.000000000000000000e+00 0.000000000000000000e+00 3.200000000000000067e-01 -1.904951731363932199e-01 4.653167587324509059e-03
0.000000000000000000e+00 0.000000000000000000e+00 3.300000000000000155e-01 -2.085886001586914062e-01 4.576704331070292724e-03
0.000000000000000000e+00 0.000000000000000000e+00 3.400000000000000244e-01 -2.189014752705891742e-01 4.539899071732050873e-03
0.000000000000000000e+00 0.000000000000000000e+00 3.499999999999999778e-01 -2.261692682902018137e-01 4.783697991083689892e-03
0.000000000000000000e+00 0.000000000000000000e+00 3.599999999999999867e-01 -2.362065315246582031e-01 4.917847264628015178e-03
0.000000000000000000e+00 0.000000000000000000e+00 3.699999999999999956e-01 -2.499593098958333148e-01 4.860804239598837118e-03
0.000000000000000000e+00 0.000000000000000000e+00 3.800000000000000044e-01 -2.612821261088053015e-01 4.980728512580878155e-03
0.000000000000000000e+00 0.000000000000000000e+00 3.900000000000000133e-01 -2.930213610331217078e-01 5.392000469318451381e-03
0.000000000000000000e+00 0.000000000000000000e+00 4.000000000000000222e-01 -2.903022766113281250e-01 5.372472320604088948e-03
0.000000000000000000e+00 0.000000000000000000e+00 4.500000000000000111e-01 -3.979159990946451453e-01 6.307542381231971522e-03
0.000000000000000000e+00 0.000000000000000000e+00 5.000000000000000000e-01 -4.984095891316731586e-01 6.354211845457736173e-03
