0.000000000000000000e+00 0.000000000000000000e+00 0.000000000000000000e+00 -1.344807942708332784e-03 3.152030084181767135e-03
0.000000000000000000e+00 0.000000000000000000e+00 1.000000000000000056e-01 -5.327178955078125389e-02 3.151081718282601387e-03
0.000000000000000000e+00 0.000000000000000000e+00 2.000000000000000111e-01 -1.127499389648437822e-01 3.394394076705681534e-03
0.000000000000000000e+00 0.000000000000000000e+00 2.999999999999999889e-01 -1.855565388997396925e-01 3.689400152436014130e-03
0.000000000000000000e+00 0.000000000000000000e+00 3.200000000000000067e-01 -2.607160441080731417e-01 4.257623875979385693e-03
0.000000000000000000e+00 0.000000000000000000e+00 3.400000000000000244e-01 -2.291836547851563710e-01 3.928527391521124783e-03
0.000000000000000000e+00 0.000000000000000000e+00 3.599999999999999867e-01 -3.356307983398439387e-01 4.820935099479746640e-03
0.000000000000000000e+00 0.000000000000000000e+00 3.800000000000000044e-01 -4.692121378580732527e-01 4.464651065653091506e-03
0.000000000000000000e+00 0.000000000000000000e+00 4.000000000000000222e-01 -4.147672526041669139e-01 5.280755065511678371e-03
0.000000000000000000e+00 0.000000000000000000e+00 4.500000000000000111e-01 -6.489742024739586501e-01 4.755830005818729132e-03
0.000000000000000000e+00 0.000000000000000000e+00 5.000000000000000000e-01 -6.720021565755212034e-01 4.577750003393114137e-03
