2.999999999999999889e-01 0.000000000000000000e+00 0.000000000000000000e+00 -3.040568033854167086e-04 1.058501656133253735e-03
2.999999999999999889e-01 0.000000000000000000e+00 1.000000000000000056e-01 -4.783152262369792102e-02 1.118169933070338245e-03
2.999999999999999889e-01 0.000000000000000000e+00 2.000000000000000111e-01 -1.040433756510416863e-01 1.152627415094839179e-03
2.999999999999999889e-01 0.000000000000000000e+00 2.999999999999999889e-01 -1.749013264973958981e-01 1.347737671918268531e-03
2.999999999999999889e-01 0.000000000000000000e+00 3.099999999999999978e-01 -1.810003662109376243e-01 1.309728344296435349e-03
2.999999999999999889e-01 0.000000000000000000e+00 3.200000000000000067e-01 -1.905822753906250555e-01 1.400594714272745131e-03
2.999999999999999889e-01 0.000000000000000000e+00 3.300000000000000155e-01 -2.014300537109376121e-01 1.398791409925216958e-03
2.999999999999999889e-01 0.000000000000000000e+00 3.400000000000000244e-01 -2.140203857421876243e-01 1.539690211222783647e-03
2.999999999999999889e-01 0.000000000000000000e+00 3.499999999999999778e-01 -2.239507039388022314e-01 1.644595453295960227e-03
2.999999999999999889e-01 0.000000000000000000e+00 3.599999999999999867e-01 -2.422162882486980640e-01 1.614884150385294519e-03
2.999999999999999889e-01 0.000000000000000000e+00 3.699999999999999956e-01 -2.583105468750001021e-01 1.743333287696462045e-03
2.999999999999999889e-01 0.000000000000000000e+00 3.800000000000000044e-01 -2.779935709635417695e-01 2.079512439410807594e-03
2.999999999999999889e-01 0.000000000000000000e+00 3.900000000000000133e-01 -3.039138793945314054e-01 2.182414917657754180e-03
2.999999999999999889e-01 0.000000000000000000e+00 4.000000000000000222e-01 -3.257373046875001732e-01 2.636498252652035718e-03
2.999999999999999889e-01 0.000000000000000000e+00 4.500000000000000111e-01 -6.281744384765628464e-01 3.946997091766375580e-03
2.999999999999999889e-01 0.000000000000000000e+00 5.000000000000000000e-01 -7.155181884765628997e-01 3.365188041065475966e-03
