2.999999999999999889e-01 0.000000000000000000e+00 0.000000000000000000e+00 -1.040725708007812691e-03 1.215621717771327897e-03
2.999999999999999889e-01 0.000000000000000000e+00 1.000000000000000056e-01 -4.780097961425782555e-02 1.275577175933472395e-03
2.999999999999999889e-01 0.000000000000000000e+00 2.000000000000000111e-01 -1.055416107177734597e-01 1.355644394947745981e-03
2.999999999999999889e-01 0.000000000000000000e+00 2.999999999999999889e-01 -1.795716857910157338e-01 1.645252585220870938e-03
2.999999999999999889e-01 0.000000000000000000e+00 3.099999999999999978e-01 -1.920742797851563433e-01 1.586145576880889372e-03
2.999999999999999889e-01 0.000000000000000000e+00 3.200000000000000067e-01 -1.996735382080079002e-01 1.734404685369258896e-03
2.999999999999999889e-01 0.000000000000000000e+00 3.300000000000000155e-01 -2.141627502441407205e-01 1.888769971760192491e-03
2.999999999999999889e-01 0.000000000000000000e+00 3.400000000000000244e-01 -2.305844879150391880e-01 1.924269656474365906e-03
2.999999999999999889e-01 0.000000000000000000e+00 3.499999999999999778e-01 -2.472015380859376443e-01 2.024969608490211938e-03
2.999999999999999889e-01 0.000000000000000000e+00 3.599999999999999867e-01 -2.655226135253907493e-01 2.226347959013588208e-03
2.999999999999999889e-01 0.000000000000000000e+00 3.699999999999999956e-01 -2.918666076660157982e-01 2.545826250180220456e-03
2.999999999999999889e-01 0.000000000000000000e+00 3.800000000000000044e-01 -3.263614654541017179e-01 2.975482804171469212e-03
2.999999999999999889e-01 0.000000000000000000e+00 3.900000000000000133e-01 -4.028819274902346592e-01 3.585494892572691807e-03
2.999999999999999889e-01 0.000000000000000000e+00 4.000000000000000222e-01 -5.124307250976566364e-01 3.422954420085812677e-03
2.999999999999999889e-01 0.000000000000000000e+00 4.500000000000000111e-01 -6.510490417480472303e-01 2.899502071279184794e-03
2.999999999999999889e-01 0.000000000000000000e+00 5.000000000000000000e-01 -7.135111236572271309e-01 2.596066916392600430e-03
