# hx, hy, hz, energy, energy_var, mag, mag_var, abs_mag, abs_mag_var, wilson, wilson_var, exact_energy
0.000000000000000000e+00 0.000000000000000000e+00 0.000000000000000000e+00 -1.799999999993971755e+01 2.044630029502432636e-13 -1.095241970486111692e-04 5.544421091388314349e-02 1.756703694661458648e-01 2.458414420106068421e-02 1.000000000001455502e+00 3.637315945974860942e-16 -1.800000000000004263e+01
0.000000000000000000e+00 0.000000000000000000e+00 1.000000000000000056e-01 -1.804538093795408926e+01 9.590286311931912541e-04 5.086873372395835091e-02 5.694033658016980914e-02 1.821160210503472432e-01 2.636171952763825127e-02 9.948695049720921446e-01 2.286827559414021573e-03 -1.804781420138842307e+01
0.000000000000000000e+00 0.000000000000000000e+00 2.000000000000000111e-01 -1.818892902934498679e+01 1.081328133794280319e-02 1.115078396267361466e-01 6.403303066107597641e-02 2.062310112847222376e-01 3.393579894377861395e-02 9.763235686056674911e-01 1.034871481946883325e-02 -1.821049563823065753e+01
0.000000000000000000e+00 0.000000000000000000e+00 2.999999999999999889e-01 -1.849662755601641351e+01 3.041147382773721347e-02 2.244893391927084147e-01 9.585321039283355160e-02 2.871751573350694864e-01 6.377910281359046307e-02 9.206778753160321793e-01 3.279805550073085912e-02 -1.855577054356154676e+01
0.000000000000000000e+00 0.000000000000000000e+00 3.099999999999999978e-01 -1.854735231810196439e+01 1.698144827490194117e-02 2.438056098090278789e-01 1.015437964138425908e-01 3.030775282118056135e-01 6.912898368121665749e-02 9.102343066924343251e-01 3.656020629465157878e-02 -1.860569268713474855e+01
0.000000000000000000e+00 0.000000000000000000e+00 3.200000000000000067e-01 -1.860153491128119185e+01 2.088960308014941800e-02 2.646213107638889506e-01 1.083141849364764042e-01 3.209221733940972321e-01 7.534758167088401182e-02 8.984867093785692260e-01 4.093259774214567936e-02 -1.865922083958261268e+01
0.000000000000000000e+00 0.000000000000000000e+00 3.300000000000000155e-01 -1.866173878476931236e+01 1.512897895027167164e-02 2.903672960069444975e-01 1.155061392062976672e-01 3.431491427951389728e-01 8.206797159564348243e-02 8.834858147665131112e-01 4.555695748398030237e-02 -1.871656909868404028e+01
0.000000000000000000e+00 0.000000000000000000e+00 3.499999999999999778e-01 -1.879910743950487273e+01 1.263381224063624825e-02 3.455128987630209370e-01 1.282179731092657760e-01 3.906110975477430913e-01 9.502010679343877997e-02 8.503406312654857580e-01 5.486172913915288163e-02 -1.884351784883966019e+01
0.000000000000000000e+00 0.000000000000000000e+00 4.000000000000000222e-01 -1.922591041454681715e+01 6.792435759560302988e-03 4.952952067057292962e-01 1.418792532061307898e-01 5.223052978515625444e-01 1.143937708279922916e-01 7.542709827647042786e-01 7.075565282244743182e-02 -1.923858788840420075e+01
0.000000000000000000e+00 0.000000000000000000e+00 5.000000000000000000e-01 -2.034174504579705456e+01 1.688711717189619562e-04 7.042670355902779233e-01 1.099890111331587178e-01 7.119004991319444198e-01 9.917874788796460228e-02 6.138934689029849068e-01 6.415974763404184988e-02 -2.034189058840849285e+01
0.000000000000000000e+00 0.000000000000000000e+00 5.999999999999999778e-01 -2.171659672569430555e+01 4.920357611540703832e-05 8.104047987196182357e-01 7.609193999722695112e-02 8.126780192057291297e-01 7.240231488486406630e-02 5.512661187787887274e-01 4.805978027900972144e-02 -2.171662360271278303e+01
0.000000000000000000e+00 0.000000000000000000e+00 6.999999999999999556e-01 -2.322941798930214574e+01 7.545332369628737421e-04 8.653628879123265172e-01 5.542529759296208058e-02 8.661658393012153789e-01 5.403496419654492400e-02 5.257985199939717580e-01 3.965948266438817232e-02 -2.322948321372519231e+01
0.000000000000000000e+00 0.000000000000000000e+00 8.000000000000000444e-01 -2.481982312926068701e+01 5.067962045777697679e-04 8.983469645182293739e-01 4.262064891177472920e-02 8.986948649088541963e-01 4.199545735734756813e-02 5.144067066022937063e-01 3.202868670493395215e-02 -2.481986251840855218e+01
