# hx, hy, hz, energy, energy_var, mag, mag_var, abs_mag, abs_mag_var, wilson, wilson_var, exact_energy
0.000000000000000000e+00 0.000000000000000000e+00 0.000000000000000000e+00 -1.799996773541175443e+01 1.284147771251514553e-04 6.704824942129627855e-04 5.554149240602847259e-02 1.756216543692129817e-01 2.469897646942419839e-02 9.999964213555363468e-01 1.574348025920630523e-06 -1.800000000000004263e+01
0.000000000000000000e+00 0.000000000000000000e+00 1.000000000000000056e-01 -1.804543808177673725e+01 2.872291925566521729e-06 5.190339265046296779e-02 5.702876240055912427e-02 1.821424696180555525e-01 2.654684533062294863e-02 9.946493541250072123e-01 2.283552459848790014e-03 -1.804781420138848347e+01
0.000000000000000000e+00 0.000000000000000000e+00 2.000000000000000111e-01 -1.818937895229304758e+01 3.188394066419674550e-04 1.107593677662037229e-01 6.380226101813167572e-02 2.054814091435185341e-01 3.384728906249476893e-02 9.766606559674181343e-01 1.018995847996845804e-02 -1.821049563823061135e+01
0.000000000000000000e+00 0.000000000000000000e+00 2.999999999999999889e-01 -1.849745943786202318e+01 4.833052637225753075e-03 2.218713831018518934e-01 9.394719879977173060e-02 2.839834707754629872e-01 6.252749776562219197e-02 9.222699325825428618e-01 3.206501116199961254e-02 -1.855577054356151478e+01
0.000000000000000000e+00 0.000000000000000000e+00 3.099999999999999978e-01 -1.854564870375646279e+01 6.046425821309204043e-03 2.414966724537037368e-01 1.011950143439943467e-01 3.011926721643518601e-01 6.879863138470303230e-02 9.115869924566979421e-01 3.629057827149814730e-02 -1.860569268713481961e+01
0.000000000000000000e+00 0.000000000000000000e+00 3.200000000000000067e-01 -1.859118469810406893e+01 7.883566676528229109e-03 2.566623263888889173e-01 1.048319958659356815e-01 3.130551938657407107e-01 7.270399124697567161e-02 9.023640311529680380e-01 3.952578940293129811e-02 -1.865922083958258426e+01
0.000000000000000000e+00 0.000000000000000000e+00 3.300000000000000155e-01 -1.865608101769798921e+01 8.667227428960663435e-03 2.851087782118055802e-01 1.133682640522351015e-01 3.379643192997684453e-01 8.043539834590769655e-02 8.862095716073450369e-01 4.472229335230593072e-02 -1.871656909868414331e+01
0.000000000000000000e+00 0.000000000000000000e+00 3.400000000000000244e-01 -1.872499562237335979e+01 9.400501837838552352e-03 3.145218460648148695e-01 1.211619498667566852e-01 3.631817853009258190e-01 8.818493234440787087e-02 8.689334107135200380e-01 4.989432535280086123e-02 -1.877794027948531763e+01
0.000000000000000000e+00 0.000000000000000000e+00 3.499999999999999778e-01 -1.879010708307387034e+01 1.111392282796196812e-02 3.397329824942130205e-01 1.264230342507771665e-01 3.847751193576388062e-01 9.378964116850509181e-02 8.533856626188822680e-01 5.397601937252243659e-02 -1.884351784883974545e+01
0.000000000000000000e+00 0.000000000000000000e+00 4.000000000000000222e-01 -1.921903182028881218e+01 8.398112275704475854e-03 4.908460828993055913e-01 1.416816338817034338e-01 5.179963288483795392e-01 1.142913142788966191e-01 7.570171833733233546e-01 7.084454203959733576e-02 -1.923858788840418654e+01
0.000000000000000000e+00 0.000000000000000000e+00 5.000000000000000000e-01 -2.034164466290510731e+01 2.655553779792338507e-04 7.045043945312500222e-01 1.097874722933328273e-01 7.121821650752314659e-01 9.891047795593164993e-02 6.134565033890706509e-01 6.258415848670936810e-02 -2.034189058840839337e+01
0.000000000000000000e+00 0.000000000000000000e+00 5.999999999999999778e-01 -2.171656572506071825e+01 3.032917677956325402e-04 8.105464228877315991e-01 7.569894810251905082e-02 8.127807617187500222e-01 7.207188513850477929e-02 5.509778446593966983e-01 4.791528972085547927e-02 -2.171662360271269776e+01
0.000000000000000000e+00 0.000000000000000000e+00 6.999999999999999556e-01 -2.322947600100938814e+01 1.239706435666121525e-05 8.654147677951390394e-01 5.562496993092846259e-02 8.662764937789351194e-01 5.413272657491705053e-02 5.254249659347213219e-01 3.596207753995796230e-02 -2.322948321372530955e+01
0.000000000000000000e+00 0.000000000000000000e+00 8.000000000000000444e-01 -2.481986325254382209e+01 4.055899454940351758e-07 8.987123842592593670e-01 4.251739104261777896e-02 8.990360966435185786e-01 4.193543759556627587e-02 5.136892559304743200e-01 2.505802301123835965e-02 -2.481986251840868007e+01
