# hx, hy, hz, energy, energy_var, mag, mag_var, abs_mag, abs_mag_var, wilson, wilson_var
0.000000000000000000e+00 0.000000000000000000e+00 0.000000000000000000e+00 -1.279997509114827778e+02 9.954405287764716073e-04 -3.643830617268879757e-05 7.824423326495218503e-03 6.959152221679687500e-02 2.981444689794443548e-03 9.999927316871792815e-01 8.719077067590922597e-07
1.000000000000000056e-01 0.000000000000000000e+00 1.000000000000000056e-01 -1.286361822309652894e+02 7.477552951845185814e-02 5.089775721232096123e-02 8.016287124190866337e-03 8.176692326863606308e-02 3.921039072616218021e-03 9.894988869975174239e-01 6.762589007143523893e-04
2.000000000000000111e-01 0.000000000000000000e+00 2.000000000000000111e-01 -1.306376348364858586e+02 1.454872486355736627e-01 1.073960264523824010e-01 8.668385942077428893e-03 1.180590192476908273e-01 6.264360414111613991e-03 9.551956230420639571e-01 2.793190499297505767e-03
2.999999999999999889e-01 0.000000000000000000e+00 2.999999999999999889e-01 -1.342245662198007494e+02 8.474163301893788969e-01 1.796803077061970844e-01 1.022069399349668714e-02 1.820779244105021066e-01 9.353336413253839424e-03 8.761498603941810792e-01 7.502973050958781920e-03
3.499999999999999778e-01 0.000000000000000000e+00 3.499999999999999778e-01 -1.369950219965196538e+02 9.014008492510177106e-01 2.218407591183980121e-01 1.175367065497765276e-02 2.228857874870300293e-01 1.128891879749123819e-02 6.989190322897077534e-01 1.405002924336400984e-02
3.699999999999999956e-01 0.000000000000000000e+00 3.699999999999999956e-01 -1.385716015370187506e+02 7.333842201128129012e-01 2.367498477300007953e-01 1.217246136468317155e-02 2.375212907791137695e-01 1.180658819148542628e-02 6.349375094853982882e-01 1.391046299162235211e-02
3.900000000000000133e-01 0.000000000000000000e+00 3.900000000000000133e-01 -1.403573936460007303e+02 6.575334463320134937e-01 2.527287006378173828e-01 1.263257282981082065e-02 2.533026138941446570e-01 1.234215475028419169e-02 5.842675801676789904e-01 1.384180331474415063e-02
4.000000000000000222e-01 0.000000000000000000e+00 4.000000000000000222e-01 -1.413127435766164410e+02 6.325649275578046904e-01 2.608400781949360980e-01 1.288801664713861740e-02 2.612855235735574988e-01 1.265543821077091437e-02 5.624407612016506519e-01 1.371359185873304888e-02
4.099999999999999756e-01 0.000000000000000000e+00 4.099999999999999756e-01 -1.423093223853263680e+02 6.421161897151594911e-01 2.697699268658955707e-01 1.325933355763176877e-02 2.701457540194193152e-01 1.305641858414179762e-02 5.420950690646354486e-01 1.368391648362553281e-02
