0.000000000000000000e+00 0.000000000000000000e+00 0.000000000000000000e+00 1.289062499999999410e-03 3.238390342062045200e-03
0.000000000000000000e+00 0.000000000000000000e+00 1.000000000000000056e-01 -5.198008219401041574e-02 3.288352568089391963e-03
0.000000000000000000e+00 0.000000000000000000e+00 2.000000000000000111e-01 -1.085390218098958581e-01 3.317062511882487314e-03
0.000000000000000000e+00 0.000000000000000000e+00 2.999999999999999889e-01 -1.766093953450521836e-01 3.660539392153660653e-03
0.000000000000000000e+00 0.000000000000000000e+00 3.099999999999999978e-01 -1.878125000000000766e-01 3.571576251655105960e-03
0.000000000000000000e+00 0.000000000000000000e+00 3.200000000000000067e-01 -1.961991373697917762e-01 3.708100031236508370e-03
0.000000000000000000e+00 0.000000000000000000e+00 3.300000000000000155e-01 -2.107723999023438932e-01 3.595244326490390756e-03
0.000000000000000000e+00 0.000000000000000000e+00 3.400000000000000244e-01 -2.230096435546876643e-01 3.884608363483570397e-03
0.000000000000000000e+00 0.000000000000000000e+00 3.499999999999999778e-01 -2.273046875000001299e-01 3.580286680682671051e-03
0.000000000000000000e+00 0.000000000000000000e+00 3.599999999999999867e-01 -2.394093831380209869e-01 3.817698400171379118e-03
0.000000000000000000e+00 0.000000000000000000e+00 3.699999999999999956e-01 -2.552979532877606150e-01 3.910592427270323350e-03
0.000000000000000000e+00 0.000000000000000000e+00 3.800000000000000044e-01 -2.646675618489585102e-01 4.176320895580762187e-03
0.000000000000000000e+00 0.000000000000000000e+00 3.900000000000000133e-01 -2.794254557291668828e-01 4.355317648565022910e-03
0.000000000000000000e+00 0.000000000000000000e+00 4.000000000000000222e-01 -3.076458740234376821e-01 4.180070459542039978e-03
0.000000000000000000e+00 0.000000000000000000e+00 4.500000000000000111e-01 -3.959298706054690253e-01 4.910820785043622759e-03
0.000000000000000000e+00 0.000000000000000000e+00 5.000000000000000000e-01 -5.089808146158857349e-01 5.678917481731252451e-03
