2.999999999999999889e-01 0.000000000000000000e+00 0.000000000000000000e+00 2.409617106119791576e-04 1.758798610271525807e-03
2.999999999999999889e-01 0.000000000000000000e+00 1.000000000000000056e-01 -4.753446578979492188e-02 2.160284931030594362e-03
2.999999999999999889e-01 0.000000000000000000e+00 2.000000000000000111e-01 -1.037731170654296875e-01 2.522653687389758963e-03
2.999999999999999889e-01 0.000000000000000000e+00 2.999999999999999889e-01 -1.761585871378580637e-01 2.827636112393088885e-03
2.999999999999999889e-01 0.000000000000000000e+00 3.099999999999999978e-01 -1.860040028889973773e-01 2.205549582166276782e-03
2.999999999999999889e-01 0.000000000000000000e+00 3.200000000000000067e-01 -1.984977722167968750e-01 2.584142184160310041e-03
2.999999999999999889e-01 0.000000000000000000e+00 3.300000000000000155e-01 -1.986346244812011719e-01 1.575776020738912410e-03
2.999999999999999889e-01 0.000000000000000000e+00 3.400000000000000244e-01 -2.160886128743489398e-01 1.869615771110196131e-03
2.999999999999999889e-01 0.000000000000000000e+00 3.499999999999999778e-01 -2.390151023864746094e-01 3.238222985658232352e-03
2.999999999999999889e-01 0.000000000000000000e+00 3.599999999999999867e-01 -2.705450057983398438e-01 4.019992475898523723e-03
2.999999999999999889e-01 0.000000000000000000e+00 3.699999999999999956e-01 -2.726891835530598773e-01 3.140843060344228246e-03
2.999999999999999889e-01 0.000000000000000000e+00 3.800000000000000044e-01 -3.370989163716633930e-01 5.399881527868006723e-03
2.999999999999999889e-01 0.000000000000000000e+00 3.900000000000000133e-01 -4.528940518697102680e-01 5.978305655921155662e-03
2.999999999999999889e-01 0.000000000000000000e+00 4.000000000000000222e-01 -5.300515492757160718e-01 5.884798574134192557e-03
2.999999999999999889e-01 0.000000000000000000e+00 4.500000000000000111e-01 -6.504855155944824219e-01 4.689498062646505448e-03
2.999999999999999889e-01 0.000000000000000000e+00 5.000000000000000000e-01 -7.129505475362141187e-01 4.481625069334541946e-03
