2.999999999999999889e-01 0.000000000000000000e+00 0.000000000000000000e+00 -1.860809326171873959e-04 1.458333993161629134e-03
2.999999999999999889e-01 0.000000000000000000e+00 1.000000000000000056e-01 -4.739120483398438777e-02 1.411572350714731172e-03
2.999999999999999889e-01 0.000000000000000000e+00 2.000000000000000111e-01 -1.053073120117187789e-01 1.555493158043660213e-03
2.999999999999999889e-01 0.000000000000000000e+00 2.999999999999999889e-01 -1.785492706298829058e-01 1.918487583953646476e-03
2.999999999999999889e-01 0.000000000000000000e+00 3.099999999999999978e-01 -1.902133941650391846e-01 1.867735467990066112e-03
2.999999999999999889e-01 0.000000000000000000e+00 3.200000000000000067e-01 -2.027879333496094838e-01 2.031134234010288989e-03
2.999999999999999889e-01 0.000000000000000000e+00 3.300000000000000155e-01 -2.165399932861329368e-01 2.050451983161567359e-03
2.999999999999999889e-01 0.000000000000000000e+00 3.400000000000000244e-01 -2.270886230468751321e-01 2.199937906094029134e-03
2.999999999999999889e-01 0.000000000000000000e+00 3.499999999999999778e-01 -2.545590972900392268e-01 2.700982432636657177e-03
2.999999999999999889e-01 0.000000000000000000e+00 3.599999999999999867e-01 -2.679212188720704324e-01 2.840618321483036855e-03
2.999999999999999889e-01 0.000000000000000000e+00 3.699999999999999956e-01 -2.876487731933595193e-01 3.139107435857964225e-03
2.999999999999999889e-01 0.000000000000000000e+00 3.800000000000000044e-01 -3.569046783447267779e-01 4.586545451202209307e-03
2.999999999999999889e-01 0.000000000000000000e+00 3.900000000000000133e-01 -4.459582519531253286e-01 5.086882868921695916e-03
2.999999999999999889e-01 0.000000000000000000e+00 4.000000000000000222e-01 -5.284364318847659669e-01 4.607640939890727400e-03
2.999999999999999889e-01 0.000000000000000000e+00 4.500000000000000111e-01 -6.510861206054692207e-01 3.932927140980473947e-03
2.999999999999999889e-01 0.000000000000000000e+00 5.000000000000000000e-01 -7.142052459716802248e-01 3.310968205388112404e-03
