# hx, hy, hz, energy, energy_var, mag, mag_var, abs_mag, abs_mag_var, wilson, wilson_var, exact_energy
0.000000000000000000e+00 0.000000000000000000e+00 0.000000000000000000e+00 -1.799998383170474625e+01 6.474090245473924064e-05 1.026294849537037231e-04 5.532451565353142114e-02 1.755312319155092893e-01 2.451331280856629269e-02 9.999972958409522050e-01 1.798916030191071961e-06 -1.800000000000004263e+01
1.000000000000000056e-01 0.000000000000000000e+00 0.000000000000000000e+00 -1.804773667731658904e+01 2.387665579022695591e-04 3.901728877314815228e-04 5.548663202116193433e-02 1.758956344039351860e-01 2.454751005368140809e-02 9.941968888467495047e-01 2.580258459217005338e-03 -1.804781420138851544e+01
2.000000000000000111e-01 0.000000000000000000e+00 0.000000000000000000e+00 -1.821046772556794835e+01 1.009024712679807930e-04 6.098994502314814469e-04 5.558115491630774563e-02 1.761542426215277901e-01 2.455120970008304801e-02 9.703703647975903124e-01 1.303349044999664759e-02 -1.821049563823067174e+01
3.000000000000000444e-01 0.000000000000000000e+00 0.000000000000000000e+00 -1.855557727056374517e+01 4.174952660310264044e-04 -5.931712962962965019e-04 5.570339605804987965e-02 1.775372540509259633e-01 2.418427133429361039e-02 8.979193949274785203e-01 4.108234735693350875e-02 -1.855577054356151834e+01
3.099999999999999978e-01 0.000000000000000000e+00 0.000000000000000000e+00 -1.860551872872859747e+01 4.609863571667588227e-04 -7.016782407407407777e-04 5.544344170757446733e-02 1.772035951967592948e-01 2.404281990927105775e-02 8.866889099182886369e-01 4.482179317175186140e-02 -1.860569268713478408e+01
3.200000000000000067e-01 0.000000000000000000e+00 0.000000000000000000e+00 -1.865893033062240747e+01 4.160292157170432381e-04 -1.184534143518518060e-04 5.588066048010551651e-02 1.781910083912037202e-01 2.412863903984284464e-02 8.725396087815463497e-01 4.895265875448765597e-02 -1.865922083958269440e+01
3.300000000000000155e-01 0.000000000000000000e+00 0.000000000000000000e+00 -1.871634231082071764e+01 6.265531388251044777e-04 6.948965567129630240e-04 5.563760828068391867e-02 1.781842267071759578e-01 2.388847251467417221e-02 8.597258452308277343e-01 5.268843458180687278e-02 -1.871656909868402963e+01
3.400000000000000244e-01 0.000000000000000000e+00 0.000000000000000000e+00 -1.877773683202543253e+01 4.784800333539957124e-04 3.494827835648148381e-04 5.571583280327063042e-02 1.783695927372685452e-01 2.390024332822759251e-02 8.449327332447046368e-01 5.641203396457171448e-02 -1.877794027948534250e+01
3.499999999999999778e-01 0.000000000000000000e+00 0.000000000000000000e+00 -1.884323838934368922e+01 5.211409740641506421e-04 -5.723741319444444709e-04 5.543787969237984337e-02 1.784803602430555525e-01 2.358296831203585825e-02 8.294650564793180081e-01 6.005629817025173733e-02 -1.884351784883970993e+01
4.000000000000000222e-01 0.000000000000000000e+00 0.000000000000000000e+00 -1.923844598164965092e+01 9.556490995798237005e-04 -1.573350694444443734e-04 5.590235114588169851e-02 1.802128544560185064e-01 2.342570298901964707e-02 7.465838557961760324e-01 7.173503215834135804e-02 -1.923858788840413325e+01
5.000000000000000000e-01 0.000000000000000000e+00 0.000000000000000000e+00 -2.034187795657127751e+01 2.410096266865076017e-04 -4.358362268518518575e-04 5.555295433690683043e-02 1.813774956597222487e-01 2.265534835833089844e-02 6.136338941160455196e-01 6.348767407591288103e-02 -2.034189058840846442e+01
6.000000000000000888e-01 0.000000000000000000e+00 0.000000000000000000e+00 -2.171659942162780155e+01 1.527012106529071597e-04 6.591796875000001518e-04 5.585251044098734491e-02 1.832365813078703498e-01 2.227730022945194691e-02 5.507125203233695920e-01 4.784820392648021781e-02 -2.171662360271266579e+01
7.000000000000000666e-01 0.000000000000000000e+00 0.000000000000000000e+00 -2.322948092315737867e+01 3.668768640064766772e-05 1.062463831018518358e-04 5.544799178205074563e-02 1.831710250289351749e-01 2.189637866019385204e-02 5.254828563646539719e-01 3.921788393102654952e-02 -2.322948321372533442e+01
8.000000000000000444e-01 0.000000000000000000e+00 0.000000000000000000e+00 -2.481986579172099283e+01 1.575687392303340298e-05 8.689597800925927219e-04 5.540700998734710697e-02 1.833550347222222265e-01 2.178869632045917978e-02 5.145317947527280333e-01 3.467230143144176685e-02 -2.481986251840857349e+01
