2.999999999999999889e-01 0.000000000000000000e+00 0.000000000000000000e+00 -5.683135986328123525e-04 1.324141882698906623e-03
2.999999999999999889e-01 0.000000000000000000e+00 1.000000000000000056e-01 -4.893577575683594194e-02 1.446854242847401498e-03
2.999999999999999889e-01 0.000000000000000000e+00 2.000000000000000111e-01 -1.042288208007812744e-01 1.590204158734800921e-03
2.999999999999999889e-01 0.000000000000000000e+00 2.999999999999999889e-01 -1.772667694091797641e-01 1.734580561285617049e-03
2.999999999999999889e-01 0.000000000000000000e+00 3.099999999999999978e-01 -1.864424896240235163e-01 1.930945168180921113e-03
2.999999999999999889e-01 0.000000000000000000e+00 3.200000000000000067e-01 -2.059307861328125988e-01 1.873223904106100781e-03
2.999999999999999889e-01 0.000000000000000000e+00 3.300000000000000155e-01 -2.163032531738282305e-01 2.259265104075901861e-03
2.999999999999999889e-01 0.000000000000000000e+00 3.400000000000000244e-01 -2.267681884765626321e-01 2.142416395296357565e-03
2.999999999999999889e-01 0.000000000000000000e+00 3.499999999999999778e-01 -2.406140136718751266e-01 2.268156743662963146e-03
2.999999999999999889e-01 0.000000000000000000e+00 3.599999999999999867e-01 -2.678433227539064321e-01 2.588871357549505162e-03
2.999999999999999889e-01 0.000000000000000000e+00 3.699999999999999956e-01 -2.915789031982423118e-01 2.785477732208952936e-03
2.999999999999999889e-01 0.000000000000000000e+00 3.800000000000000044e-01 -3.497199249267580190e-01 4.296616699718994181e-03
2.999999999999999889e-01 0.000000000000000000e+00 3.900000000000000133e-01 -4.624835968017581012e-01 5.499427887656038391e-03
2.999999999999999889e-01 0.000000000000000000e+00 4.000000000000000222e-01 -5.381799316406252753e-01 4.699593314429932785e-03
2.999999999999999889e-01 0.000000000000000000e+00 4.500000000000000111e-01 -6.525968933105473768e-01 3.671181050602682124e-03
2.999999999999999889e-01 0.000000000000000000e+00 5.000000000000000000e-01 -7.148047637939458632e-01 3.403650493386364134e-03
