# hx, hy, hz, energy, energy_var, mag, mag_var, abs_mag, abs_mag_var, wilson, wilson_var, exact_energy
0.000000000000000000e+00 0.000000000000000000e+00 0.000000000000000000e+00 -1.800000000419261781e+01 2.117378373655435486e-11 1.844618055555557134e-04 5.550408120017974456e-02 1.757206669560185119e-01 2.462636243086947091e-02 1.000000000374685616e+00 1.629928925130904602e-13 -1.800000000000004263e+01
0.000000000000000000e+00 0.000000000000000000e+00 1.000000000000000056e-01 -1.804542568029962624e+01 7.501899851088281526e-05 5.047697844328704470e-02 5.696798297092421637e-02 1.820615415219907496e-01 2.636950342232471239e-02 9.949506577805270480e-01 2.285319624987953383e-03 -1.804781420138848347e+01
0.000000000000000000e+00 0.000000000000000000e+00 2.000000000000000111e-01 -1.818885044194984957e+01 4.166077951237885245e-04 1.111165364583333454e-01 6.356708539366233424e-02 2.057608145254629650e-01 3.357645727397647051e-02 9.764296505729921360e-01 1.015046326447219087e-02 -1.821049563823061135e+01
0.000000000000000000e+00 0.000000000000000000e+00 3.000000000000000444e-01 -1.847772174534258482e+01 5.320434144295995045e-03 2.072021484375000666e-01 8.725852321940688605e-02 2.703097873263889395e-01 5.712387241208504579e-02 9.291865802489581716e-01 2.973371683198691023e-02 -1.855577054356152900e+01
0.000000000000000000e+00 0.000000000000000000e+00 3.099999999999999978e-01 -1.852014221803375449e+01 7.155433085416329497e-03 2.228782371238426374e-01 9.144183792184086557e-02 2.822803638599536979e-01 6.143434268436477608e-02 9.201318354851399928e-01 3.284129850349671448e-02 -1.860569268713470947e+01
0.000000000000000000e+00 0.000000000000000000e+00 3.200000000000000067e-01 -1.856809966080326646e+01 8.850191368142154222e-03 2.405684859664352360e-01 9.677697918031610835e-02 2.967551902488426152e-01 6.658653268087220967e-02 9.098250725100607283e-01 3.649162703560118043e-02 -1.865922083958272992e+01
0.000000000000000000e+00 0.000000000000000000e+00 3.300000000000000155e-01 -1.862086926961843503e+01 1.119623576366846063e-02 2.599365234375000666e-01 1.027518333549853197e-01 3.132532190393518268e-01 7.219125033324311214e-02 8.988543208051196221e-01 4.063662818962929246e-02 -1.871656909868406160e+01
0.000000000000000000e+00 0.000000000000000000e+00 3.400000000000000244e-01 -1.867654745515621073e+01 1.401148141162963587e-02 2.807816116898148584e-01 1.080929293030737925e-01 3.304235387731481177e-01 7.775152779083356613e-02 8.862767311816150961e-01 4.453778466622466958e-02 -1.877794027948536026e+01
0.000000000000000000e+00 0.000000000000000000e+00 3.499999999999999778e-01 -1.874106248705784949e+01 1.729814820430368091e-02 3.046219437210648806e-01 1.150427371089759732e-01 3.510005244502314992e-01 8.463589754103797991e-02 8.717882837742484403e-01 4.911640651153141579e-02 -1.884351784883975967e+01
0.000000000000000000e+00 0.000000000000000000e+00 4.000000000000000222e-01 -1.916030803957178108e+01 3.030645343373291820e-02 4.549696180555555802e-01 1.391264369948901625e-01 4.836335358796295392e-01 1.122223933210752117e-01 7.774618280458306385e-01 6.862140451860983259e-02 -1.923858788840421141e+01
0.000000000000000000e+00 0.000000000000000000e+00 5.000000000000000000e-01 -2.033555635022090868e+01 6.701733855947729010e-03 7.035215024594907440e-01 1.108047969692447510e-01 7.112444842303240478e-01 9.987858504404421855e-02 6.153350562951542813e-01 6.445757232955390270e-02 -2.034189058840841824e+01
0.000000000000000000e+00 0.000000000000000000e+00 6.000000000000000888e-01 -2.171633001439749222e+01 8.917728642925523350e-04 8.104758933738426263e-01 7.569261427749007787e-02 8.125999168113424709e-01 7.224516321581740674e-02 5.502657006029116893e-01 4.663917667789117122e-02 -2.171662360271276171e+01
0.000000000000000000e+00 0.000000000000000000e+00 7.000000000000000666e-01 -2.322941631432017928e+01 2.879085091795527645e-04 8.654785156250001110e-01 5.551668886294582744e-02 8.662995515046295614e-01 5.409483693427673268e-02 5.258256104834403422e-01 4.099990514324607788e-02 -2.322948321372525982e+01
0.000000000000000000e+00 0.000000000000000000e+00 8.000000000000000444e-01 -2.481963651672401738e+01 1.242531251910608536e-03 8.993069118923612271e-01 4.227894912347383849e-02 8.996622721354166075e-01 4.163966699698825463e-02 5.142752877215533980e-01 3.486269551208531076e-02 -2.481986251840858770e+01
