# hx, hy, hz, mag, mag_var, susceptibility, sus_var, energy, energy_var
2.999999999999999889e-01 0.000000000000000000e+00 0.000000000000000000e+00 3.302764892578126561e-04 7.699434517945276087e-04 9.999998909174414585e-01 5.085884403710503884e-07 -2.045644740939162318e+02 2.856439822944830450e-03
2.999999999999999889e-01 0.000000000000000000e+00 1.000000000000000056e-01 -4.920558929443360346e-02 8.592125846558282395e-04 9.975788099821880639e-01 8.455612311436495670e-05 -2.050668214420292088e+02 3.022181440633208392e-03
2.999999999999999889e-01 0.000000000000000000e+00 2.000000000000000111e-01 -1.025727844238281672e-01 9.699830913149990732e-04 9.894788238955436466e-01 1.989877330404214652e-04 -2.067168337801566338e+02 3.322575195960270934e-03
2.999999999999999889e-01 0.000000000000000000e+00 2.999999999999999889e-01 -1.793722152709961992e-01 1.208275633867626981e-03 9.678256083887756267e-01 4.334621542096109737e-04 -2.093715110022554313e+02 4.208504013531565689e-03
2.999999999999999889e-01 0.000000000000000000e+00 3.099999999999999978e-01 -1.879018020629883712e-01 1.220694204037426744e-03 9.646929127814826144e-01 4.587412814129517295e-04 -2.097437885597768457e+02 4.476799604545372152e-03
2.999999999999999889e-01 0.000000000000000000e+00 3.200000000000000067e-01 -1.982596206665040162e-01 1.263948506592630023e-03 9.606931228131743161e-01 5.011799029181009980e-04 -2.101303392066521383e+02 4.776689665270038472e-03
2.999999999999999889e-01 0.000000000000000000e+00 3.300000000000000155e-01 -2.137063217163087114e-01 1.365560104125108530e-03 9.543296080584843244e-01 5.836576538702371560e-04 -2.105683555554278996e+02 5.005409549855260008e-03
2.999999999999999889e-01 0.000000000000000000e+00 3.400000000000000244e-01 -2.280867004394532271e-01 1.502156308533397766e-03 9.479764570826418879e-01 6.852437519153886615e-04 -2.110192957823490758e+02 5.721344666624834929e-03
2.999999999999999889e-01 0.000000000000000000e+00 3.499999999999999778e-01 -2.423617935180665262e-01 1.589421092253165760e-03 9.412607610427076166e-01 7.704298931478383407e-04 -2.115209678417215855e+02 6.059086422166720838e-03
2.999999999999999889e-01 0.000000000000000000e+00 3.599999999999999867e-01 -2.647737121582032227e-01 1.726287377810316629e-03 9.298948813499636756e-01 9.141510345493821096e-04 -2.120499221134321033e+02 7.048997778343522001e-03
2.999999999999999889e-01 0.000000000000000000e+00 3.699999999999999956e-01 -2.923879241943361240e-01 2.023445309511215720e-03 9.145093017853276329e-01 1.183261947537503659e-03 -2.126500838760075567e+02 8.947498413969431560e-03
2.999999999999999889e-01 0.000000000000000000e+00 3.800000000000000044e-01 -3.364167785644533448e-01 2.608577654724547525e-03 8.868237511003165263e-01 1.755138582475294180e-03 -2.134333544371259279e+02 1.429529988859096559e-02
2.999999999999999889e-01 0.000000000000000000e+00 3.900000000000000133e-01 -3.844084167480470993e-01 3.111934555800348681e-03 8.522301691332574425e-01 2.392507671237508165e-03 -2.143631723020175173e+02 2.042999128853051349e-02
2.999999999999999889e-01 0.000000000000000000e+00 4.000000000000000222e-01 -5.054602813720706633e-01 3.330356808286554469e-03 7.445099039552659503e-01 3.366726178771832848e-03 -2.161135767680508764e+02 2.368100963608618312e-02
2.999999999999999889e-01 0.000000000000000000e+00 4.500000000000000111e-01 -6.546619415283208010e-01 2.538568157899978844e-03 5.714177423143699253e-01 3.323807917905553019e-03 -2.225154345147388995e+02 1.630702156030608765e-02
2.999999999999999889e-01 0.000000000000000000e+00 5.000000000000000000e-01 -7.183771896362309839e-01 2.448375481023845352e-03 4.839342134103505333e-01 3.517714194464333869e-03 -2.294280751414452197e+02 1.234838781767872741e-02
