# hx, hy, hz, energy, energy_var, mag, mag_var, abs_mag, abs_mag_var, wilson, wilson_var, exact_energy
0.000000000000000000e+00 0.000000000000000000e+00 0.000000000000000000e+00 -1.799988630196470041e+01 4.535717574914032053e-04 -4.385489004629608176e-05 5.557187990866735428e-02 1.759290907118055691e-01 2.462083687323601486e-02 9.999819628864963228e-01 1.159130764076157586e-05 -1.800000000000004263e+01
0.000000000000000000e+00 1.000000000000000056e-01 0.000000000000000000e+00 -1.801524014951602837e+01 4.629076017015799904e-02 -8.332429108796296328e-04 5.575685497644181088e-02 1.762130172164351749e-01 2.470652183367064159e-02 9.983646165313406762e-01 1.419847294504265282e-03 -1.802251531738383861e+01
0.000000000000000000e+00 2.000000000000000111e-01 0.000000000000000000e+00 -1.808509840774202360e+01 4.229850095823332878e-02 -3.232602719907407126e-04 5.566370682931406216e-02 1.758431893807870239e-01 2.474298407491015012e-02 9.897927734463179972e-01 9.071921447196134441e-03 -1.809024916874344058e+01
0.000000000000000000e+00 2.999999999999999889e-01 0.000000000000000000e+00 -1.818965746185181587e+01 1.579277692545870693e-01 -5.859375000000001952e-04 5.556807231510619421e-02 1.759403935185185341e-01 2.461339356640892748e-02 9.782328080980359220e-01 1.899970764235380666e-02 -1.820379806900524855e+01
0.000000000000000000e+00 3.099999999999999978e-01 0.000000000000000000e+00 -1.819356912526311731e+01 3.395764969133507893e-01 3.598813657407406909e-04 5.514038697845815434e-02 1.752414279513888895e-01 2.443095842261373135e-02 9.766193399074261094e-01 2.038556535434677200e-02 -1.821771032974987392e+01
0.000000000000000000e+00 3.200000000000000067e-01 0.000000000000000000e+00 -1.820334315379987089e+01 3.926173732083637624e-01 2.057110821759263245e-04 5.563121692613484659e-02 1.761461046006944642e-01 2.460380907718536653e-02 9.743102258580778052e-01 2.247756577361262331e-02 -1.823209278619997420e+01
0.000000000000000000e+00 3.300000000000000155e-01 0.000000000000000000e+00 -1.822184248908720861e+01 3.377601722189705891e-01 -1.320167824074075437e-04 5.567459435783461003e-02 1.762514467592592726e-01 2.461003930153342692e-02 9.733952758259235560e-01 2.339722190942856647e-02 -1.824694697726040360e+01
0.000000000000000000e+00 3.400000000000000244e-01 0.000000000000000000e+00 -1.825222584207345022e+01 1.383500355028604960e-02 -2.671983506944442541e-04 5.578540836648687024e-02 1.764182761863426208e-01 2.466207158888480966e-02 9.734007423412861515e-01 2.293753492790118198e-02 -1.826227452390827466e+01
0.000000000000000000e+00 3.499999999999999778e-01 0.000000000000000000e+00 -1.826299545187083950e+01 1.281404175987244654e-01 7.156937210648148381e-04 5.548677438550689983e-02 1.758558485243055525e-01 2.456200714280576403e-02 9.711130635313922621e-01 2.491931971149313405e-02 -1.827807713359488062e+01
0.000000000000000000e+00 4.000000000000000222e-01 0.000000000000000000e+00 -1.834783104398388787e+01 9.480530423734571943e-02 -3.431532118055556917e-04 5.539795202789485340e-02 1.757853190104166630e-01 2.449759140242764935e-02 9.639385513828989671e-01 3.078667878540510688e-02 -1.836428258670444436e+01
0.000000000000000000e+00 4.500000000000000111e-01 0.000000000000000000e+00 -1.843115805207780866e+01 5.490672509681424618e-01 1.736111111111110364e-04 5.566061639981998571e-02 1.762514467592592449e-01 2.459607405590585535e-02 9.547906081249112331e-01 3.843605533724608198e-02 -1.846268032118310032e+01
0.000000000000000000e+00 5.000000000000000000e-01 0.000000000000000000e+00 -1.852827745016584871e+01 6.354489114348306489e-02 -4.516601562500001301e-04 5.544619156315985786e-02 1.758088288483796446e-01 2.453765125901773841e-02 9.473581608530039500e-01 4.402738207474734405e-02 -1.857362056414643448e+01
0.000000000000000000e+00 5.999999999999999778e-01 0.000000000000000000e+00 -1.875190599518177237e+01 6.405242386879386185e-01 -2.278645833333331472e-04 5.548005111914114384e-02 1.759955512152777957e-01 2.450566899384000116e-02 9.273830369283780906e-01 5.934666114655363228e-02 -1.883519989421174046e+01
0.000000000000000000e+00 6.999999999999999556e-01 0.000000000000000000e+00 -1.902013802597239689e+01 5.133558228229880838e-01 -1.311125578703687470e-05 5.546126485831617825e-02 1.763956705729166907e-01 2.434583243335224773e-02 9.041413554641690720e-01 7.644972421842298471e-02 -1.915577034382063104e+01
0.000000000000000000e+00 7.500000000000000000e-01 0.000000000000000000e+00 -1.914637825523630710e+01 1.530769361042271681e+00 9.403935185185170297e-05 5.535209619132253067e-02 1.758852358217592726e-01 2.441648885464635724e-02 8.934539544989914539e-01 8.408195834190709816e-02 -1.934252461183726624e+01
0.000000000000000000e+00 8.000000000000000444e-01 0.000000000000000000e+00 -1.928597684489882980e+01 3.470352185034824899e+00 -5.090784143518522478e-04 5.510006957502196906e-02 1.760443793402778068e-01 2.410870523855028480e-02 8.823300402962467315e-01 9.216685869474693094e-02 -1.955178293589625582e+01
