# hx, hy, hz, energy, energy_var, mag, mag_var, abs_mag, abs_mag_var, wilson, wilson_var, exact_energy
0.000000000000000000e+00 0.000000000000000000e+00 0.000000000000000000e+00 -1.799996181049801436e+01 1.800310929940866181e-04 -1.225676359953703975e-03 5.539767266280531260e-02 1.755438910590277901e-01 2.458351725720083272e-02 9.999943894573060099e-01 3.963093490681780321e-06 -1.800000000000004263e+01
0.000000000000000000e+00 0.000000000000000000e+00 1.000000000000000056e-01 -1.803951034807946741e+01 6.785997591208255131e-02 5.092366536458334259e-02 5.709670161820734613e-02 1.822279188368055580e-01 2.648290690877800127e-02 9.942783452809990097e-01 2.927491452475837561e-03 -1.804781420138848347e+01
0.000000000000000000e+00 0.000000000000000000e+00 2.000000000000000111e-01 -1.818464075571096927e+01 3.522108531907693768e-02 1.089256004050926235e-01 6.248035407278929032e-02 2.038510923032407773e-01 3.278987266317479748e-02 9.769552577993626530e-01 1.029107051285957884e-02 -1.821049563823061135e+01
0.000000000000000000e+00 0.000000000000000000e+00 2.999999999999999889e-01 -1.844398467134245934e+01 1.259517557558774703e-01 1.925075954861111549e-01 7.873441332161676409e-02 2.566234447337962798e-01 4.993799525442110115e-02 9.344116365294679039e-01 2.806823429103372583e-02 -1.855577054356151478e+01
0.000000000000000000e+00 0.000000000000000000e+00 3.099999999999999978e-01 -1.847775190267353196e+01 1.287465494819116651e-01 2.003363715277778623e-01 7.957110357873237172e-02 2.616409866898148362e-01 5.124975941962828935e-02 9.298235490801463055e-01 2.950400427139884818e-02 -1.860569268713481961e+01
0.000000000000000000e+00 0.000000000000000000e+00 3.200000000000000067e-01 -1.851353762909140954e+01 1.690100838424259122e-01 2.156819661458333759e-01 8.317933876573307961e-02 2.732204861111110494e-01 5.504861525547357498e-02 9.202949356457358343e-01 3.331995896012993758e-02 -1.865922083958258426e+01
0.000000000000000000e+00 0.000000000000000000e+00 3.300000000000000155e-01 -1.858245355055473880e+01 1.510519086730239824e-01 2.443056459780093004e-01 9.425420647765551940e-02 2.966855649594907773e-01 6.591713067905564938e-02 9.053833234484796044e-01 3.859433098814834401e-02 -1.871656909868414331e+01
0.000000000000000000e+00 0.000000000000000000e+00 3.400000000000000244e-01 -1.861413550997988864e+01 1.423269054304076575e-01 2.513694480613426485e-01 9.450860256500372147e-02 3.021479853877314103e-01 6.640179690980291261e-02 8.992849427073218438e-01 4.046945271058027815e-02 -1.877794027948531763e+01
0.000000000000000000e+00 0.000000000000000000e+00 3.499999999999999778e-01 -1.868428809668491652e+01 2.089987398185929324e-01 2.832722981770833814e-01 1.029431014621454421e-01 3.288587782118055358e-01 7.503820036971028951e-02 8.806529961972384690e-01 4.635059592003497320e-02 -1.884351784883974545e+01
0.000000000000000000e+00 0.000000000000000000e+00 4.000000000000000222e-01 -1.897878005287852687e+01 3.555645074636858416e-01 3.991626880787038090e-01 1.269848152410510134e-01 4.293863932291666630e-01 1.019429921049149479e-01 8.022477003526078398e-01 6.596802393102843554e-02 -1.923858788840418654e+01
0.000000000000000000e+00 0.000000000000000000e+00 5.000000000000000000e-01 -2.020402496604628695e+01 8.226779551766643106e-01 7.553272388599537868e-01 9.053998090582296432e-02 7.579729998553239589e-01 8.653615015994535475e-02 5.660380862858843676e-01 5.194052840248953445e-02 -2.034189058840839337e+01
0.000000000000000000e+00 0.000000000000000000e+00 5.999999999999999778e-01 -2.159069101460706364e+01 5.466922774881372016e-01 8.441745334201389284e-01 5.843683437862026014e-02 8.441754376446758412e-01 5.843530773114929272e-02 5.140998931231207658e-01 2.421457134436881889e-02 -2.171662360271269776e+01
0.000000000000000000e+00 0.000000000000000000e+00 6.999999999999999556e-01 -2.318661814575514768e+01 6.166673782011726501e-02 8.787023473668981177e-01 4.781646770193909157e-02 8.787032515914351416e-01 4.781487861267496448e-02 5.101798562043999841e-01 2.011753158078918857e-02 -2.322948321372530955e+01
0.000000000000000000e+00 0.000000000000000000e+00 8.000000000000000444e-01 -2.473923429525911644e+01 8.643155490018226972e-02 9.166969581886574847e-01 3.317135063688615715e-02 9.166969581886573737e-01 3.317135063688615021e-02 5.020381577702838216e-01 1.479437972444945428e-03 -2.481986251840868007e+01
