# hx, hy, hz, energy, energy_var, mag, mag_var, abs_mag, abs_mag_var, wilson, wilson_var, exact_energy
0.000000000000000000e+00 0.000000000000000000e+00 0.000000000000000000e+00 -1.799993611004584437e+01 2.745528024402637147e-04 6.103515624999957140e-06 5.551215274052489351e-02 1.754618326822916519e-01 2.472529804954926025e-02 9.999904194187365647e-01 6.249161958470318953e-06 -1.800000000000004263e+01
1.000000000000000056e-01 0.000000000000000000e+00 0.000000000000000000e+00 -1.802755931842713366e+01 8.467682468720869049e-02 2.800835503472221487e-04 5.550310743765701077e-02 1.757575141059027901e-01 2.461248211976554620e-02 9.953756849633941250e-01 2.644780052553742829e-03 -1.804781420138851544e+01
2.000000000000000111e-01 0.000000000000000000e+00 0.000000000000000000e+00 -1.813801512526742599e+01 3.207224633113278656e-01 3.336588541666666739e-04 5.547670134055763397e-02 1.762071397569444642e-01 2.442785656746522885e-02 9.695709686037224939e-01 1.663984583313631721e-02 -1.821049563823067174e+01
2.999999999999999889e-01 0.000000000000000000e+00 0.000000000000000000e+00 -1.841915183125234634e+01 6.435524873397974188e-01 -2.136230468750002236e-05 5.556177164289963916e-02 1.772939046223958592e-01 2.412864348299249145e-02 8.750197335831801926e-01 5.644016141625383259e-02 -1.855577054356151834e+01
3.099999999999999978e-01 0.000000000000000000e+00 0.000000000000000000e+00 -1.846226066771031427e+01 6.753955698760807369e-01 1.898871527777781874e-05 5.550808340678980990e-02 1.776190863715277901e-01 2.395954392390486909e-02 8.540838975313038706e-01 6.282825438242890803e-02 -1.860569268713478763e+01
3.300000000000000155e-01 0.000000000000000000e+00 0.000000000000000000e+00 -1.856180435765729086e+01 7.285734206808821556e-01 5.262586805555556375e-04 5.534625203521165160e-02 1.776638454861111382e-01 2.378208699049772987e-02 8.164019025839137633e-01 7.211790665537558265e-02 -1.871656909868406515e+01
3.499999999999999778e-01 0.000000000000000000e+00 0.000000000000000000e+00 -1.868246810855081108e+01 7.411024287569077940e-01 -4.235161675347223981e-04 5.537404149391309677e-02 1.784467909071180414e-01 2.353096367480854434e-02 7.710838701249624894e-01 7.930772071456236583e-02 -1.884351784883965664e+01
4.000000000000000222e-01 0.000000000000000000e+00 0.000000000000000000e+00 -1.908875417447229594e+01 6.576261025763402435e-01 -9.206136067708335863e-04 5.551141827643196053e-02 1.802961561414930802e-01 2.300556188644726358e-02 6.586136339241942528e-01 7.915446731330316732e-02 -1.923858788840414391e+01
5.000000000000000000e-01 0.000000000000000000e+00 0.000000000000000000e+00 -2.026421314794214013e+01 3.515879273531484772e-01 1.251220703124999892e-04 5.570530208896984359e-02 1.822696261935763951e-01 2.248310111175624848e-02 5.511800792615603184e-01 5.312054131173975929e-02 -2.034189058840831876e+01
5.999999999999999778e-01 0.000000000000000000e+00 0.000000000000000000e+00 -2.167856421047854099e+01 2.165679588021172663e-01 1.644558376736112316e-04 5.577197725838627801e-02 1.832116021050347321e-01 2.220551315821523222e-02 5.215446674977831654e-01 4.072469492467441221e-02 -2.171662360271275816e+01
6.999999999999999556e-01 0.000000000000000000e+00 0.000000000000000000e+00 -2.320792917620674700e+01 1.504657681511715472e-01 -2.794053819444444818e-04 5.562811685933008454e-02 1.833007812500000167e-01 2.202901851983717768e-02 5.106606627358759587e-01 3.532473688908559922e-02 -2.322948321372521718e+01
8.000000000000000444e-01 0.000000000000000000e+00 0.000000000000000000e+00 -2.480672229922501515e+01 1.123706013100489037e-01 -1.386854383680554694e-04 5.557403524889164420e-02 1.835676405164930747e-01 2.187697583775001509e-02 5.057596618538280353e-01 3.251193912555596505e-02 -2.481986251840849178e+01
