# hx, hy, hz, mag, mag_var, susceptibility, sus_var, energy, energy_var
0.000000000000000000e+00 0.000000000000000000e+00 0.000000000000000000e+00 2.262242364270021972e-05 1.509012741699137931e-04 1.000000000511775067e+00 6.938893903907228378e-18 -1.954848758857647795e+02 2.497222676266696098e-02
0.000000000000000000e+00 2.000000000000000111e-01 0.000000000000000000e+00 2.211786495299339350e-02 1.690838985743062380e-04 9.995108000499217660e-01 7.479549668784289290e-06 -1.959295596221606672e+02 2.190895724428843991e-02
0.000000000000000000e+00 4.000000000000000222e-01 0.000000000000000000e+00 6.958896751937787561e-02 2.007636700101109661e-04 9.951573755995877235e-01 2.794187302280939827e-05 -1.975476535614482145e+02 1.764936043757728626e-02
0.000000000000000000e+00 5.999999999999999778e-01 0.000000000000000000e+00 1.205726780126443742e-01 2.238635866662569234e-04 9.854622293168595615e-01 5.398366430773252230e-05 -1.988529041390187331e+02 1.672038699005948953e-02
0.000000000000000000e+00 6.999999999999999556e-01 0.000000000000000000e+00 1.486719787647999835e-01 2.433351671271899767e-04 9.778966427301591935e-01 7.235424159972521677e-05 -1.993751208200409337e+02 1.645202259431671060e-02
0.000000000000000000e+00 7.299999999999999822e-01 0.000000000000000000e+00 1.646342328029065105e-01 2.450953456899777525e-04 9.728955693893985845e-01 8.070216840246527260e-05 -1.997247643204726728e+02 1.666644736175570962e-02
0.000000000000000000e+00 7.600000000000000089e-01 0.000000000000000000e+00 1.727886470398117269e-01 2.486079028509666504e-04 9.701440834541514846e-01 8.591324635404695991e-05 -2.004632364331623364e+02 1.673814164800145957e-02
0.000000000000000000e+00 7.900000000000000355e-01 0.000000000000000000e+00 2.032825126268391625e-01 2.633120842888829233e-04 9.586762200601188777e-01 1.070534841985083753e-04 -2.016172144367051828e+02 1.616909608160342626e-02
0.000000000000000000e+00 8.199999999999999512e-01 0.000000000000000000e+00 2.218084793952655731e-01 2.520843706411078329e-04 9.508009984683600813e-01 1.118289018624333669e-04 -2.025370029849970024e+02 1.637311731687218080e-02
0.000000000000000000e+00 8.499999999999999778e-01 0.000000000000000000e+00 2.445938882288475891e-01 2.727479233967814516e-04 9.401738298410937666e-01 1.334249501799253433e-04 -2.019367062368960433e+02 1.595724790508240218e-02
0.000000000000000000e+00 8.800000000000000044e-01 0.000000000000000000e+00 2.706951775490165080e-01 2.715396410067292534e-04 9.267241208517059681e-01 1.470089426678255118e-04 -2.029546638408851038e+02 1.508869604913820953e-02
0.000000000000000000e+00 9.100000000000000311e-01 0.000000000000000000e+00 3.040017469704016095e-01 2.721975063313315270e-04 9.075829378389430602e-01 1.654970348914235902e-04 -2.042781943328222098e+02 1.433057602887829844e-02
0.000000000000000000e+00 9.399999999999999467e-01 0.000000000000000000e+00 3.397578332835220483e-01 2.653130734206605415e-04 8.845646147224848210e-01 1.802843899343912375e-04 -2.056143541182170225e+02 1.431341419267349868e-02
0.000000000000000000e+00 9.699999999999999734e-01 0.000000000000000000e+00 3.709179966814236673e-01 2.686550923988903191e-04 8.624198397378373127e-01 1.992980173417182731e-04 -2.080382575548460977e+02 1.397328759812372506e-02
0.000000000000000000e+00 1.000000000000000000e+00 0.000000000000000000e+00 4.401495482546010085e-01 2.622045787429926967e-04 8.062683751712669267e-01 2.308184537680324109e-04 -2.109052134466578821e+02 1.363965157257383300e-02
0.000000000000000000e+00 1.030000000000000027e+00 0.000000000000000000e+00 4.689009577279553698e-01 2.484539561472914838e-04 7.801318918418029824e-01 2.330005959775287197e-04 -2.137630026934259604e+02 1.339289748331577018e-02
