0.000000000000000000e+00 0.000000000000000000e+00 0.000000000000000000e+00 -1.344807942708332784e-03 3.152030084181767135e-03
0.000000000000000000e+00 0.000000000000000000e+00 1.000000000000000056e-01 -5.327178955078125389e-02 3.151081718282601387e-03
0.000000000000000000e+00 0.000000000000000000e+00 2.000000000000000111e-01 -1.127499389648437822e-01 3.394394076705681534e-03
0.000000000000000000e+00 0.000000000000000000e+00 2.999999999999999889e-01 -2.082757568359376310e-01 3.754267814175512967e-03
0.000000000000000000e+00 0.000000000000000000e+00 3.099999999999999978e-01 -1.907229614257813233e-01 3.426922909704694601e-03
0.000000000000000000e+00 0.000000000000000000e+00 3.200000000000000067e-01 -2.155991617838543262e-01 3.821677557260398303e-03
0.000000000000000000e+00 0.000000000000000000e+00 3.300000000000000155e-01 -2.201541137695313677e-01 3.695572383884679086e-03
0.000000000000000000e+00 0.000000000000000000e+00 3.400000000000000244e-01 -2.291836547851563710e-01 3.928527391521124783e-03
0.000000000000000000e+00 0.000000000000000000e+00 3.499999999999999778e-01 -2.415060424804689188e-01 3.759479007266803511e-03
0.000000000000000000e+00 0.000000000000000000e+00 3.599999999999999867e-01 -2.491960652669272247e-01 3.840398688677311000e-03
0.000000000000000000e+00 0.000000000000000000e+00 3.699999999999999956e-01 -2.982827758789064476e-01 4.510487205069690919e-03
0.000000000000000000e+00 0.000000000000000000e+00 3.800000000000000044e-01 -2.865395100911460324e-01 4.339862022379306628e-03
0.000000000000000000e+00 0.000000000000000000e+00 3.900000000000000133e-01 -3.254072062174481195e-01 4.644625182035021921e-03
0.000000000000000000e+00 0.000000000000000000e+00 4.000000000000000222e-01 -3.697801717122398135e-01 4.911263293856369706e-03
0.000000000000000000e+00 0.000000000000000000e+00 4.500000000000000111e-01 -5.137349446614587478e-01 4.564589707294749651e-03
0.000000000000000000e+00 0.000000000000000000e+00 5.000000000000000000e-01 -6.720021565755212034e-01 4.577750003393114137e-03
