0.000000000000000000e+00 0.000000000000000000e+00 0.000000000000000000e+00 2.638816833496093750e-03 3.778331426949708451e-03
0.000000000000000000e+00 0.000000000000000000e+00 1.000000000000000056e-01 -5.004882812500000000e-02 4.135427429219645616e-03
0.000000000000000000e+00 0.000000000000000000e+00 2.000000000000000111e-01 -1.086282730102539062e-01 4.200882502347531161e-03
0.000000000000000000e+00 0.000000000000000000e+00 2.999999999999999889e-01 -1.765019098917643137e-01 4.449745950154467868e-03
0.000000000000000000e+00 0.000000000000000000e+00 3.099999999999999978e-01 -1.920264561971028461e-01 4.589287521461195458e-03
0.000000000000000000e+00 0.000000000000000000e+00 3.200000000000000067e-01 -1.956841150919596262e-01 4.505775220881927390e-03
0.000000000000000000e+00 0.000000000000000000e+00 3.300000000000000155e-01 -1.987304687500000000e-01 4.577992743316596988e-03
0.000000000000000000e+00 0.000000000000000000e+00 3.400000000000000244e-01 -2.103494008382161273e-01 4.955353554070352114e-03
0.000000000000000000e+00 0.000000000000000000e+00 3.499999999999999778e-01 -2.254571914672851562e-01 4.720995821671391916e-03
0.000000000000000000e+00 0.000000000000000000e+00 3.599999999999999867e-01 -2.296148935953775949e-01 4.829105734256100568e-03
0.000000000000000000e+00 0.000000000000000000e+00 3.699999999999999956e-01 -2.466707229614257812e-01 4.778262571369461427e-03
0.000000000000000000e+00 0.000000000000000000e+00 3.800000000000000044e-01 -2.533251444498697547e-01 4.738531260801235462e-03
0.000000000000000000e+00 0.000000000000000000e+00 3.900000000000000133e-01 -2.825317382812500000e-01 5.329364861638227410e-03
0.000000000000000000e+00 0.000000000000000000e+00 4.000000000000000222e-01 -2.716865539550781250e-01 5.580488260165140935e-03
0.000000000000000000e+00 0.000000000000000000e+00 4.500000000000000111e-01 -3.883622487386067523e-01 6.237253676311679297e-03
0.000000000000000000e+00 0.000000000000000000e+00 5.000000000000000000e-01 -5.041799545288085938e-01 6.455683965511729849e-03
