# hx, hy, hz, energy, energy_var, mag, mag_var, abs_mag, abs_mag_var, wilson, wilson_var, exact_energy
0.000000000000000000e+00 0.000000000000000000e+00 0.000000000000000000e+00 -1.799988607637268601e+01 4.562620035198178769e-04 7.568359375000001301e-04 5.553508981510446585e-02 1.764621310763888895e-01 2.439677891172008228e-02 9.999828174283310611e-01 1.066078905255694719e-05 -1.800000000000004263e+01
0.000000000000000000e+00 1.000000000000000056e-01 0.000000000000000000e+00 -1.801956191444828193e+01 2.032760284537415280e-02 -1.993815104166667173e-04 5.531062165712134771e-02 1.746324327256944531e-01 2.481417485041382751e-02 9.980201352703340634e-01 1.707911461604131763e-03 -1.802251531738383861e+01
0.000000000000000000e+00 2.000000000000000111e-01 0.000000000000000000e+00 -1.808822647608308998e+01 1.902710621018742498e-02 -5.913628472222222897e-04 5.562834756364548605e-02 1.777877242476852138e-01 2.402022238049160777e-02 9.901973484031687534e-01 8.637090355083166041e-03 -1.809024916874344058e+01
0.000000000000000000e+00 2.099999999999999922e-01 0.000000000000000000e+00 -1.809647841489502440e+01 4.198991020792052636e-02 6.596317997685185964e-04 5.558933026976221187e-02 1.765864619502314770e-01 2.440698683977290256e-02 9.898585499389214171e-01 8.998672838627068057e-03 -1.809952856223336326e+01
0.000000000000000000e+00 2.200000000000000011e-01 0.000000000000000000e+00 -1.810364334417106491e+01 5.070803590881780426e-02 -2.518265335648146972e-04 5.530497170749679864e-02 1.761361581307870350e-01 2.428108892302617908e-02 9.881963608744830374e-01 1.043264729659805316e-02 -1.810926653122859165e+01
0.000000000000000000e+00 2.300000000000000100e-01 0.000000000000000000e+00 -1.811691249630705514e+01 3.218563989151024263e-02 -5.438910590277780139e-04 5.538481341283998938e-02 1.756713867187499889e-01 2.452467311863545593e-02 9.878830769497505271e-01 1.063472393029239391e-02 -1.811946396987893948e+01
0.000000000000000000e+00 2.399999999999999911e-01 0.000000000000000000e+00 -1.812065421582796532e+01 1.244509446576868572e-01 -8.024992766203701937e-04 5.580995310460754033e-02 1.747165256076388673e-01 2.528473278929176810e-02 9.864224134722651138e-01 1.197464720421437950e-02 -1.813012182590974319e+01
0.000000000000000000e+00 2.500000000000000000e-01 0.000000000000000000e+00 -1.813722538369681914e+01 3.174444159927113096e-02 2.947771990740741472e-04 5.568045258685559717e-02 1.767460575810185508e-01 2.444137061001995515e-02 9.847930112606237962e-01 1.329046497808695354e-02 -1.814124110253926148e+01
0.000000000000000000e+00 2.999999999999999889e-01 0.000000000000000000e+00 -1.819072525038039601e+01 1.509533616939843503e-01 1.966688368055555887e-04 5.544263951388407607e-02 1.758133499710648195e-01 2.453234416446731583e-02 9.785736799628829141e-01 1.871686592019341372e-02 -1.820379806900522013e+01
0.000000000000000000e+00 4.000000000000000222e-01 0.000000000000000000e+00 -1.834530860372835193e+01 1.548404795756824215e-01 -7.052951388888899068e-05 5.582832498314941466e-02 1.763436776620370405e-01 2.473123730618930621e-02 9.652212541246605326e-01 2.970907908323897062e-02 -1.836428258670444436e+01
0.000000000000000000e+00 5.000000000000000000e-01 0.000000000000000000e+00 -1.852678925507375141e+01 2.566244499857406880e-01 8.951822916666668474e-04 5.586239148559885709e-02 1.768762659143518490e-01 2.457797939312965016e-02 9.455903313481154315e-01 4.557076286741328780e-02 -1.857362056414639540e+01
0.000000000000000000e+00 5.999999999999999778e-01 0.000000000000000000e+00 -1.876354189098180214e+01 5.728193213144650020e-01 -2.120406539351848475e-04 5.538566708544320066e-02 1.764851888020833315e-01 2.423869018017509730e-02 9.245544971609986895e-01 6.164357793483753178e-02 -1.883519989421169782e+01
0.000000000000000000e+00 6.999999999999999556e-01 0.000000000000000000e+00 -1.901992178016832113e+01 1.030468003681962674e+00 2.662941261574074733e-04 5.572251500886327841e-02 1.767627857349537146e-01 2.447750350064374289e-02 9.036791638446927122e-01 7.678022069247167347e-02 -1.915577034382073052e+01
0.000000000000000000e+00 8.000000000000000444e-01 0.000000000000000000e+00 -1.929312485088838613e+01 2.042866389524709003e+00 -1.898871527777779705e-04 5.563549313525606443e-02 1.763744212962962965e-01 2.452759270478340956e-02 8.804158088779564517e-01 9.318377887426571027e-02 -1.955178293589620253e+01
