2.999999999999999889e-01 0.000000000000000000e+00 0.000000000000000000e+00 7.049242655436197555e-04 1.699402130895673671e-03
2.999999999999999889e-01 0.000000000000000000e+00 1.000000000000000056e-01 -4.953289031982421875e-02 1.690286555512494340e-03
2.999999999999999889e-01 0.000000000000000000e+00 2.000000000000000111e-01 -1.018246014912923131e-01 1.810458140349845927e-03
2.999999999999999889e-01 0.000000000000000000e+00 2.999999999999999889e-01 -1.769138971964518137e-01 2.280907639237443781e-03
2.999999999999999889e-01 0.000000000000000000e+00 3.099999999999999978e-01 -1.883090337117512836e-01 2.384164663020866323e-03
2.999999999999999889e-01 0.000000000000000000e+00 3.200000000000000067e-01 -1.999994913736979074e-01 2.422464961915101432e-03
2.999999999999999889e-01 0.000000000000000000e+00 3.300000000000000155e-01 -2.113567988077799387e-01 2.572495463017597517e-03
2.999999999999999889e-01 0.000000000000000000e+00 3.400000000000000244e-01 -2.278989156087239398e-01 2.874505834484829183e-03
2.999999999999999889e-01 0.000000000000000000e+00 3.499999999999999778e-01 -2.422862052917480469e-01 2.839954481912986082e-03
2.999999999999999889e-01 0.000000000000000000e+00 3.599999999999999867e-01 -2.619134585062662390e-01 3.425219654378433998e-03
2.999999999999999889e-01 0.000000000000000000e+00 3.699999999999999956e-01 -2.807501157124837055e-01 3.886819794252437815e-03
2.999999999999999889e-01 0.000000000000000000e+00 3.800000000000000044e-01 -3.131516774495442523e-01 4.462706410105504555e-03
2.999999999999999889e-01 0.000000000000000000e+00 3.900000000000000133e-01 -3.602798779805501117e-01 5.013327135094584538e-03
2.999999999999999889e-01 0.000000000000000000e+00 4.000000000000000222e-01 -4.370551109313964844e-01 5.845480295705917338e-03
2.999999999999999889e-01 0.000000000000000000e+00 4.500000000000000111e-01 -6.373438835144042969e-01 5.098893598876251716e-03
2.999999999999999889e-01 0.000000000000000000e+00 5.000000000000000000e-01 -7.170527776082356031e-01 4.450208040572378558e-03
