# hx, hy, hz, energy, energy_var, mag, mag_var, abs_mag, abs_mag_var, wilson, wilson_var, exact_energy
0.000000000000000000e+00 0.000000000000000000e+00 0.000000000000000000e+00 -1.800000000145762513e+01 9.428498642403408414e-12 -9.268301504629653171e-05 5.523489889764165300e-02 1.753666630497685008e-01 2.448144097857186952e-02 9.999999999607873669e-01 6.718393060949156473e-14 -1.800000000000004263e+01
0.000000000000000000e+00 0.000000000000000000e+00 1.000000000000000056e-01 -1.804525090166580625e+01 2.074755129459826715e-03 5.151141131365741949e-02 5.732614907687749034e-02 1.826601381655092726e-01 2.661484849775932679e-02 9.947159837357166801e-01 2.314641768353563594e-03 -1.804781420138848347e+01
0.000000000000000000e+00 0.000000000000000000e+00 2.000000000000000111e-01 -1.818832391282841954e+01 1.059452066471487305e-02 1.097805447048611355e-01 6.378599603786883065e-02 2.053181966145833648e-01 3.368220217250010584e-02 9.770066694264324392e-01 1.029041999698688571e-02 -1.821049563823061135e+01
0.000000000000000000e+00 0.000000000000000000e+00 2.999999999999999889e-01 -1.848029942309453233e+01 5.790579152719865091e-02 2.138156467013889173e-01 9.012462189413394942e-02 2.766266999421296280e-01 5.931942154759406449e-02 9.252919743621144111e-01 3.119782354058887527e-02 -1.855577054356151478e+01
0.000000000000000000e+00 0.000000000000000000e+00 3.099999999999999978e-01 -1.852727395595809412e+01 4.155025050465942921e-02 2.294166847511574792e-01 9.517609424531381368e-02 2.890593352141203609e-01 6.425281021309652008e-02 9.167897892708223306e-01 3.454827019561106105e-02 -1.860569268713481961e+01
0.000000000000000000e+00 0.000000000000000000e+00 3.200000000000000067e-01 -1.857872754564010975e+01 3.104617587721860208e-02 2.493417245370370683e-01 1.012474970039190236e-01 3.058566623263888618e-01 6.987049470958395236e-02 9.055916299377183565e-01 3.843481119932869172e-02 -1.865922083958258426e+01
0.000000000000000000e+00 0.000000000000000000e+00 3.300000000000000155e-01 -1.863279882500322771e+01 4.410928674666654559e-02 2.708984374999999778e-01 1.072916624281141929e-01 3.233615451388889284e-01 7.611493699344587527e-02 8.928502239993095779e-01 4.251089292427823185e-02 -1.871656909868414331e+01
0.000000000000000000e+00 0.000000000000000000e+00 3.400000000000000244e-01 -1.869518875953293957e+01 3.390443974958912143e-02 2.948350694444445419e-01 1.141360517588172335e-01 3.442871093749999556e-01 8.253015625133436339e-02 8.787390047819046979e-01 4.710964304206083364e-02 -1.877794027948531763e+01
0.000000000000000000e+00 0.000000000000000000e+00 3.499999999999999778e-01 -1.876272193204695071e+01 3.377793585598086457e-02 3.204173900462963243e-01 1.206876103148702833e-01 3.662950303819443865e-01 8.918286487644104532e-02 8.636162535841798160e-01 5.176008862270878308e-02 -1.884351784883974545e+01
0.000000000000000000e+00 0.000000000000000000e+00 4.000000000000000222e-01 -1.919490680978134023e+01 2.359814863011194114e-02 4.772800021701389395e-01 1.411693566111625886e-01 5.048995406539350528e-01 1.140420109301355928e-01 7.651692011015752692e-01 7.020570585390790985e-02 -1.923858788840418654e+01
0.000000000000000000e+00 0.000000000000000000e+00 5.000000000000000000e-01 -2.034055129926181849e+01 1.408339885308575786e-03 7.054027416087964575e-01 1.096610632444769556e-01 7.128779658564814437e-01 9.905909691000834572e-02 6.130132938222773165e-01 6.286422993833237771e-02 -2.034189058840839337e+01
0.000000000000000000e+00 0.000000000000000000e+00 5.999999999999999778e-01 -2.171659049748725678e+01 7.436775803102934593e-05 8.098876953124999334e-01 7.633601209509030538e-02 8.121744791666666297e-01 7.262670650403685313e-02 5.516727269455347082e-01 4.849759001284912469e-02 -2.171662360271269776e+01
0.000000000000000000e+00 0.000000000000000000e+00 6.999999999999999556e-01 -2.322946292119863188e+01 5.018186772366632322e-05 8.663908781828704164e-01 5.528519673520810446e-02 8.671983506944442865e-01 5.388537108652877161e-02 5.255786685303112105e-01 3.837513251652341362e-02 -2.322948321372530955e+01
0.000000000000000000e+00 0.000000000000000000e+00 8.000000000000000444e-01 -2.481983245385879044e+01 1.211683303366331045e-04 8.992630570023149028e-01 4.231306609711694283e-02 8.995930989583332815e-01 4.171936809280771957e-02 5.137790602652252403e-01 2.761410115500878212e-02 -2.481986251840868007e+01
