2.999999999999999889e-01 0.000000000000000000e+00 0.000000000000000000e+00 1.259689331054688038e-03 1.361565515949275836e-03
2.999999999999999889e-01 0.000000000000000000e+00 1.000000000000000056e-01 -4.760803222656250638e-02 1.451737125192808196e-03
2.999999999999999889e-01 0.000000000000000000e+00 2.000000000000000111e-01 -1.041896820068359542e-01 1.544026866166102376e-03
2.999999999999999889e-01 0.000000000000000000e+00 2.999999999999999889e-01 -1.809398651123047819e-01 1.502673538861774155e-03
2.999999999999999889e-01 0.000000000000000000e+00 3.099999999999999978e-01 -4.755859375000000971e-03 2.213231698473558037e-03
2.999999999999999889e-01 0.000000000000000000e+00 3.200000000000000067e-01 -2.051129913330079213e-01 1.815028390715734720e-03
2.999999999999999889e-01 0.000000000000000000e+00 3.300000000000000155e-01 -2.171907806396485563e-01 1.757516914248671977e-03
2.999999999999999889e-01 0.000000000000000000e+00 3.400000000000000244e-01 -2.318627929687501199e-01 1.963998364257851098e-03
2.999999999999999889e-01 0.000000000000000000e+00 3.499999999999999778e-01 -2.484529113769532727e-01 2.169626886519963362e-03
2.999999999999999889e-01 0.000000000000000000e+00 3.599999999999999867e-01 -2.867822265625001865e-01 2.671303690008938747e-03
2.999999999999999889e-01 0.000000000000000000e+00 3.699999999999999956e-01 -3.798717498779299317e-01 3.483545363700575083e-03
2.999999999999999889e-01 0.000000000000000000e+00 3.800000000000000044e-01 -4.686669158935550250e-01 3.271462206333071877e-03
2.999999999999999889e-01 0.000000000000000000e+00 3.900000000000000133e-01 -5.050878143310550961e-01 3.266061686235945897e-03
2.999999999999999889e-01 0.000000000000000000e+00 4.000000000000000222e-01 -5.331665802001956944e-01 3.091267451468100291e-03
2.999999999999999889e-01 0.000000000000000000e+00 4.500000000000000111e-01 -6.407460021972660735e-01 2.851244090906660845e-03
2.999999999999999889e-01 0.000000000000000000e+00 5.000000000000000000e-01 -7.063414001464848324e-01 2.635942544016151197e-03
