# hx, hy, hz, energy, energy_var, mag, mag_var, abs_mag, abs_mag_var, wilson, wilson_var, exact_energy
0.000000000000000000e+00 0.000000000000000000e+00 0.000000000000000000e+00 -1.799999998934860557e+01 6.253710506226259258e-09 1.041666666666666869e-03 5.585346739969136720e-02 1.763753255208333204e-01 2.474629701655587863e-02 9.999999938042071213e-01 1.689278573914107334e-11 -1.800000000000004263e+01
1.000000000000000056e-01 0.000000000000000000e+00 1.000000000000000056e-01 -1.809308535016203834e+01 1.244272050655759361e-03 5.188576027199075236e-02 5.711674495468579277e-02 1.812694408275463132e-01 2.695026689575696216e-02 9.889450418327444536e-01 4.815648314681009179e-03 -1.809415355728435770e+01
2.000000000000000111e-01 0.000000000000000000e+00 2.000000000000000111e-01 -1.839659323533284763e+01 5.162440375957186300e-03 1.076067889178240894e-01 6.225307345860454228e-02 2.037330910011574125e-01 3.232512211092378185e-02 9.483656545492762380e-01 2.270764408845632812e-02 -1.840521904225323979e+01
2.999999999999999889e-01 0.000000000000000000e+00 2.999999999999999889e-01 -1.899797752808100171e+01 2.172883332883034785e-02 1.843261718750000555e-01 7.695221964714461793e-02 2.513771339699074070e-01 4.773789380231184543e-02 8.446516337753207093e-01 6.266329921099364486e-02 -1.902345684251428182e+01
3.099999999999999978e-01 0.000000000000000000e+00 3.099999999999999978e-01 -1.908227113358008253e+01 2.621684517770771911e-02 1.962108470775463798e-01 8.131843914690498054e-02 2.615302191840278012e-01 5.141908011134759676e-02 8.276385267841362969e-01 6.786255111123848383e-02 -1.910816544540826456e+01
3.200000000000000067e-01 0.000000000000000000e+00 3.200000000000000067e-01 -1.916936780446872390e+01 3.126070952584912577e-02 2.064195421006944642e-01 8.413034900532342930e-02 2.687350802951388729e-01 5.452083298514899534e-02 8.118908064660584900e-01 7.248709526129219760e-02 -1.919775394549363767e+01
3.300000000000000155e-01 0.000000000000000000e+00 3.300000000000000155e-01 -1.926228219073732362e+01 3.663575231002332705e-02 2.144486038773148473e-01 8.486835815206643374e-02 2.741735387731480955e-01 5.568543249360492081e-02 7.942276012119643402e-01 7.753174650562243142e-02 -1.929236808908448353e+01
3.400000000000000244e-01 0.000000000000000000e+00 3.400000000000000244e-01 -1.935878004370502481e+01 3.489546481280699636e-02 2.247698748553241255e-01 8.743910528974936647e-02 2.817884657118055469e-01 5.855586252401395742e-02 7.762870134600745597e-01 8.197916095307722362e-02 -1.939212734334500965e+01
3.499999999999999778e-01 0.000000000000000000e+00 3.499999999999999778e-01 -1.946288282747509513e+01 4.218413045488663554e-02 2.341729058159722487e-01 8.894625531609171021e-02 2.892112449363425930e-01 6.014006093675871439e-02 7.577002564601544865e-01 8.704210814434026888e-02 -1.949711942601373593e+01
4.000000000000000222e-01 0.000000000000000000e+00 4.000000000000000222e-01 -2.006337660553006685e+01 7.366973588662854844e-02 2.945045753761574847e-01 1.022619894157139886e-01 3.379534686053240478e-01 7.478238739083495346e-02 6.581497874287428607e-01 1.030277306842547619e-01 -2.010101363895822857e+01
5.000000000000000000e-01 0.000000000000000000e+00 5.000000000000000000e-01 -2.161928673726838923e+01 1.185312217935194645e-01 4.028718171296296613e-01 1.178446614562402850e-01 4.311351634837963243e-01 9.427283330137020689e-02 4.912155015245394107e-01 1.082764072336682704e-01 -2.165555722458912769e+01
5.999999999999999778e-01 0.000000000000000000e+00 5.999999999999999778e-01 -2.350102415546196255e+01 1.308800036595312299e-01 4.942721896701389173e-01 1.167463845756564617e-01 5.116414388020832371e-01 9.927442015750417847e-02 3.893553912467979106e-01 1.046715665991195393e-01 -2.352369828927716355e+01
6.999999999999999556e-01 0.000000000000000000e+00 6.999999999999999556e-01 -2.556200576854926254e+01 1.221790945586767735e-01 5.582053855613425819e-01 1.074559956173756770e-01 5.694412796585647252e-01 9.478587710787893250e-02 3.218898736211352474e-01 1.032658877701706779e-01 -2.557636995862179319e+01
8.000000000000000444e-01 0.000000000000000000e+00 8.000000000000000444e-01 -2.773663594601080717e+01 1.088327388948200913e-01 5.953342013888890394e-01 9.771598109492556083e-02 6.030752676504628207e-01 8.843901398659405333e-02 2.759604769807976199e-01 1.021373014516708116e-01 -2.774581118476426411e+01
